congestion_index_mean_lisa_I,congestion_index_mean_lisa_p,congestion_index_mean_lisa_q,aqi_mean_lisa_I,aqi_mean_lisa_p,aqi_mean_lisa_q,population_est_lisa_I,population_est_lisa_p,population_est_lisa_q,income_index_mean_lisa_I,income_index_mean_lisa_p,income_index_mean_lisa_q,it_job_density_mean_lisa_I,it_job_density_mean_lisa_p,it_job_density_mean_lisa_q,ward_id
0.0216765496553066,0.258,3,0.1087761216072683,0.135,3,0.007480232489314344,0.45,3,0.5215190572289198,0.041,3,-0.04038745999853212,0.025,2,ward_1
-1.3277870079095877,0.209,2,0.03119596299119791,0.041,3,0.11446484333806048,0.446,3,0.63070275543887,0.028,3,0.25796189444343437,0.031,1,ward_2
5.210455712689434,0.008,1,0.020113083188902137,0.07,3,0.2534833477751993,0.009,3,-0.0650185992821654,0.002,4,0.04705917409119858,0.002,1,ward_3
0.3764331681565683,0.046,3,0.020113083188902137,0.07,3,-0.007618073508175033,0.425,4,0.6650198401515712,0.003,3,0.9059525865845492,0.057,1,ward_4
-1.220262099771675,0.042,4,0.022575945367190098,0.04,3,0.4497316921684745,0.009,3,0.22688830932360635,0.286,3,1.1451391632193826,0.079,1,ward_5
6.730424419644683,0.019,1,0.0053359101191744526,0.103,3,0.5167850619345573,0.003,3,0.5433812179880717,0.075,3,0.5622673465156524,0.022,1,ward_6
-0.27999886162513743,0.075,2,0.018265936555186178,0.079,3,-0.2789097400808266,0.204,4,0.5728970770419252,0.004,3,0.7740023264875147,0.008,1,ward_7
0.00032085640107183715,0.418,3,0.0053359101191744526,0.118,3,0.4229103442620413,0.07,3,-0.6154800424720906,0.063,4,-0.3798791498127137,0.025,2,ward_8
0.01065740041236334,0.053,1,0.022575945367190098,0.04,3,0.049796976286006954,0.467,3,0.24414061338747367,0.017,3,0.0034414243713796738,0.044,1,ward_9
-0.016727053519745523,0.004,4,0.0053359101191744526,0.154,3,0.10848626976594376,0.239,3,0.1866813103229038,0.058,3,0.0022830758123711173,0.103,1,ward_10
-0.02152103267618552,0.22,2,0.0053359101191744526,0.103,3,0.014740458140707681,0.337,3,0.0730905504946895,0.478,3,0.0803638266210303,0.356,1,ward_11
-1.552617843631606,0.015,2,0.0053359101191744526,0.169,3,0.5167850619345572,0.001,3,0.5033060781682904,0.036,3,0.9237765962614196,0.131,1,ward_12
4.038549681095599,0.002,1,0.0053359101191744526,0.118,3,0.5301957358877738,0.002,3,0.2833231894228123,0.254,3,0.8154579445215671,0.122,1,ward_13
-0.09815059828590462,0.041,4,0.0053359101191744526,0.133,3,0.5391361851899181,0.001,3,0.03443124323965408,0.139,3,0.5378726563496301,0.057,1,ward_14
-0.6535038940016495,0.047,2,0.0053359101191744526,0.133,3,0.58383843170064,0.001,3,0.2751884319310347,0.23,3,-0.11090802881009702,0.005,2,ward_15
0.05962487853811697,0.307,1,0.0053359101191744526,0.103,3,-0.6231222240888502,0.074,2,0.5525328201663213,0.066,3,0.2436235923144471,0.143,1,ward_16
-0.015529445307778318,0.028,4,0.0053359101191744526,0.103,3,0.3156249526363089,0.005,3,0.2655517013899816,0.022,3,0.006028114275566639,0.006,1,ward_17
-0.5371965782020945,0.152,2,0.0053359101191744526,0.133,3,0.4497316921684745,0.01,3,-0.12604153393944525,0.345,2,0.30833288783714163,0.147,1,ward_18
-0.22746766332490553,0.038,2,0.0053359101191744526,0.154,3,0.27730874134140443,0.146,3,0.2922568963111035,0.187,3,0.5973189671107465,0.192,1,ward_19
0.20808365926656333,0.271,3,0.0053359101191744526,0.118,3,0.5301957358877738,0.002,3,0.37013697059778733,0.106,3,-0.9717947528427278,0.036,2,ward_20
-0.8109185614081147,0.102,2,0.0053359101191744526,0.133,3,-0.3188150517861635,0.375,4,0.5420306082869303,0.016,3,0.9854235086687684,0.005,1,ward_21
0.1763731299266732,0.038,3,0.0053359101191744526,0.103,3,0.5167850619345572,0.032,3,-0.30453564401713246,0.196,4,0.2294391056926594,0.346,1,ward_22
-1.2249669861022403,0.054,4,0.0053359101191744526,0.133,3,-0.3102064985137971,0.17,2,0.5056005957680757,0.045,3,2.534392167113378,0.003,1,ward_23
-2.3847465045023895,0.002,4,0.0053359101191744526,0.133,3,0.02563079661779771,0.48,3,0.5852534295417295,0.017,3,-0.19349130725409333,0.033,2,ward_24
0.028850937030964093,0.399,1,0.0053359101191744526,0.118,3,0.021274661226961686,0.214,3,0.3654178680324954,0.053,3,0.1855759781260114,0.238,1,ward_25
0.6016827796904917,0.205,3,0.0053359101191744526,0.169,3,0.5167850619345572,0.003,3,0.45091190431200806,0.044,3,0.7409698510636118,0.001,1,ward_26
0.00167702905890253,0.316,1,0.0053359101191744526,0.154,3,0.3922573752261178,0.031,3,-0.4175030890752406,0.084,4,-0.10249603575836513,0.027,2,ward_27
-0.024709596832700673,0.294,2,0.0053359101191744526,0.077,3,0.04741147357197771,0.482,3,0.6005787316021316,0.067,3,-0.4477434899946968,0.045,2,ward_28
-0.4087866107444208,0.074,4,0.0053359101191744526,0.118,3,0.5301957358877738,0.002,3,0.37026341011618347,0.169,3,1.0933220764112805,0.072,1,ward_29
-0.0029648949640125647,0.266,4,-0.11143513362351311,0.014,2,0.2949110843492724,0.002,3,0.16349466868116358,0.098,3,0.0007959552169082793,0.319,1,ward_30
0.03801084726159897,0.371,1,0.014318325568435443,0.112,3,0.0074283737346615385,0.439,1,0.2614666445840946,0.214,3,0.13197890469829066,0.292,1,ward_31
-0.31793032161803636,0.24,4,-0.0700617318850435,0.038,2,-0.09038464593405916,0.19,4,0.3148728195041013,0.004,3,0.20943257764049436,0.116,1,ward_32
0.011295505589012834,0.367,1,0.0053359101191744526,0.103,3,-0.01964189619410513,0.373,2,0.6031208433183122,0.04,3,0.6534747443935088,0.052,1,ward_33
0.13952303831482166,0.259,1,0.0053359101191744526,0.077,3,0.12229551529063479,0.332,3,0.13465948137255246,0.168,3,2.046631603910277,0.013,1,ward_34
-0.41429380501407925,0.155,4,0.0053359101191744526,0.103,3,0.4497316921684745,0.028,3,0.49952979088395905,0.098,3,-0.3579320249678553,0.168,4,ward_35
0.12614506947801035,0.358,3,-0.1002207886867307,0.025,2,0.26198225682344267,0.206,3,0.5761744591267994,0.032,3,0.304873403515459,0.258,1,ward_36
0.023591307949548314,0.382,1,-0.15814355112058817,0.005,2,0.5301957358877738,0.001,3,-0.6011337156471631,0.058,4,-0.16874403567374266,0.354,4,ward_37
-0.03092601309554362,0.401,2,0.0053359101191744526,0.133,3,0.4944339386791963,0.008,3,0.26309145696414643,0.024,3,-0.018955270040153405,0.27,2,ward_38
0.2282378825866734,0.09,1,0.0053359101191744526,0.154,3,-0.5089292463433633,0.299,4,0.21820836997042967,0.151,3,0.16728881938705473,0.172,1,ward_39
-0.6949361524776906,0.153,4,0.0053359101191744526,0.118,3,0.4229103442620413,0.077,3,0.049265541018733094,0.169,3,0.035186513729196026,0.399,1,ward_40
0.03832905962795746,0.179,3,0.0053359101191744526,0.19,3,0.013530420532142118,0.297,3,0.3111628662508876,0.029,3,0.5014219098582046,0.002,1,ward_41
-0.008891082313552883,0.075,4,0.0053359101191744526,0.118,3,0.2866255370344578,0.001,3,0.10944274803606979,0.423,3,0.2007518075645874,0.067,1,ward_42
-0.006191786755048304,0.137,4,0.0053359101191744526,0.118,3,0.5301957358877738,0.001,3,0.15441973471360984,0.026,3,2.0392851524246853,0.008,1,ward_43
0.6273148764449943,0.077,3,0.0053359101191744526,0.154,3,-0.005484456173888042,0.343,2,0.16174711959507398,0.039,3,0.90153110209019,0.009,1,ward_44
-0.13791681381547197,0.381,4,0.0053359101191744526,0.154,3,-0.0023729308947194705,0.385,2,0.38797393961791793,0.02,3,0.9578794784683817,0.025,1,ward_45
-0.46281313145504405,0.075,4,0.0053359101191744526,0.103,3,-0.40936043740996914,0.037,2,0.4718389311184222,0.121,3,0.4292764113141946,0.305,1,ward_46
0.0014914045582656247,0.356,1,-0.8120613960796387,0.138,4,0.4944339386791963,0.007,3,0.31967538696419256,0.185,3,0.12866900420025928,0.293,3,ward_47
-1.2791020745366106,0.048,2,0.0053359101191744526,0.146,3,0.19479405429526256,0.102,3,0.5209258978284778,0.043,3,-0.2713306440836264,0.129,2,ward_48
0.23285608784089604,0.173,3,0.0053359101191744526,0.178,3,0.3491516375193503,0.049,3,0.3949854465560382,0.08,3,0.3785955111510014,0.01,1,ward_49
0.00018199516264897828,0.499,1,0.013320279407406443,0.105,3,-0.10809564538024727,0.104,4,0.08389158703302096,0.266,3,0.07905648681501981,0.068,1,ward_50
0.0024537106633681104,0.265,1,-0.1308969742472944,0.006,2,0.539136185189918,0.003,3,0.37178867714589164,0.143,3,0.07002180485079212,0.436,3,ward_51
-0.006636535468838731,0.117,4,0.0053359101191744526,0.127,3,-0.23536394379886239,0.123,2,0.2631345611416148,0.013,3,0.003531815362117821,0.051,1,ward_52
0.001212554694382469,0.374,1,-0.09683875315567718,0.01,2,0.27937568313399497,0.004,3,0.4575849475669817,0.042,3,-0.11118230114112583,0.264,2,ward_53
-0.006798722541438635,0.107,4,0.0053359101191744526,0.146,3,0.4497316921684745,0.015,3,0.5548207207108836,0.029,3,0.5373392959150202,0.126,1,ward_54
0.2919925761114957,0.303,3,-0.0700617318850435,0.047,2,-0.14416958290254456,0.277,2,0.5478480714322175,0.022,3,0.4723770883484546,0.052,1,ward_55
0.007237084746258725,0.112,1,0.0053359101191744526,0.111,3,0.04741147357197768,0.448,3,0.08649698104352742,0.263,3,0.4613151667099183,0.33,1,ward_56
0.16630374392252695,0.017,3,0.0053359101191744526,0.085,3,0.4944339386791963,0.03,3,-0.14680211295491913,0.005,4,0.9427030324676519,0.113,1,ward_57
0.8155539529538746,0.02,3,-0.5224475839103512,0.088,4,0.17062787462705328,0.241,3,0.6444301587062444,0.019,3,0.18702557751653537,0.102,1,ward_58
0.0002440341429623855,0.448,1,-0.1581435511205882,0.005,2,0.4229103442620413,0.076,3,0.5586989736362967,0.053,3,0.15766361992744488,0.36,3,ward_59
0.0002440341429623855,0.448,1,-0.1581435511205882,0.005,2,0.3156249526363089,0.137,3,0.16623151888155754,0.039,3,-0.22006857166874322,0.177,4,ward_60
0.16771674352479934,0.136,3,0.0053359101191744526,0.169,3,0.14991400634001678,0.172,3,-0.16683862930883894,0.009,4,0.19204444807872967,0.188,1,ward_61
0.04282956129562124,0.371,1,0.0053359101191744526,0.128,3,0.1706278746270533,0.185,3,0.3102417482643261,0.008,3,0.7693714195081393,0.177,1,ward_62
0.0006423736140787818,0.422,1,0.0053359101191744526,0.169,3,0.5072060091108311,0.005,3,0.13791287509409483,0.125,3,0.3698185124785973,0.015,1,ward_63
0.16566603874470073,0.329,1,-0.017131660183624414,0.112,2,0.01007317022195482,0.38,3,0.48488302616132234,0.036,3,0.18916621461996408,0.125,1,ward_64
0.0002440341429623855,0.409,1,0.0053359101191744526,0.111,3,0.24857158287022613,0.243,3,0.11018731092634128,0.431,3,0.7748257990450396,0.219,1,ward_65
0.0029728484446419194,0.229,1,0.017312464051522435,0.082,3,-0.22080200549235343,0.235,2,-0.3060104968977141,0.168,4,0.04421176902484906,0.266,3,ward_66
0.6957996229984608,0.213,3,0.0053359101191744526,0.128,3,0.4229103442620414,0.031,3,0.39161714853209917,0.143,3,0.5129278390407012,0.153,1,ward_67
0.0002440341429623855,0.491,1,0.0053359101191744526,0.169,3,0.17062787462705328,0.116,3,0.12723756495566244,0.174,3,0.0024381116753692807,0.097,1,ward_68
0.19515697143368832,0.229,3,0.0053359101191744526,0.128,3,-0.030998963463070336,0.143,2,0.36612034995205395,0.108,3,-0.25673517397430473,0.027,2,ward_69
0.0002440341429623855,0.449,1,0.0053359101191744526,0.128,3,0.1706278746270533,0.185,3,0.32329105947310904,0.03,3,-0.004321118816114978,0.494,4,ward_70
0.004906067878493282,0.145,1,0.04849911521728576,0.031,3,0.19479405429526256,0.102,3,0.17503328056637105,0.103,3,0.0032490205154246964,0.048,1,ward_71
-0.12623263506643573,0.052,2,-0.10884017090567853,0.036,2,0.07396315595421622,0.423,3,0.5255864359748086,0.045,3,0.004705955329642152,0.007,1,ward_72
-0.0020497529824183834,0.296,4,0.0053359101191744526,0.152,3,0.3156249526363089,0.102,3,0.5446522738461619,0.035,3,0.006181103596911478,0.484,1,ward_73
0.0002440341429623855,0.448,1,0.0053359101191744526,0.128,3,0.36926764844917515,0.071,3,0.15062495783819313,0.376,3,0.09803660785146316,0.331,1,ward_74
-0.016111248891507945,0.02,4,0.0053359101191744526,0.128,3,0.25762612143260666,0.035,3,0.19160511453253973,0.105,3,0.0033474577024371617,0.063,1,ward_75
0.0002440341429623855,0.47,1,0.017312464051522435,0.082,3,0.049796976286006975,0.432,3,-0.31417775107084656,0.25,4,0.0007130181129113783,0.482,3,ward_76
-0.041258620550690926,0.198,4,0.0053359101191744526,0.152,3,0.18494089091122878,0.247,1,0.315114777339181,0.073,3,0.35999573162764253,0.037,1,ward_77
0.00024403414296238552,0.467,1,0.0053359101191744526,0.186,3,0.31562495263630885,0.08,3,0.19193427322612522,0.298,3,-0.35022362978687926,0.219,4,ward_78
0.0002440341429623855,0.469,1,0.0053359101191744526,0.152,3,0.24312641363168108,0.032,3,0.19735427257675392,0.232,3,0.4785286071839064,0.12,1,ward_79
0.8887279546806365,0.084,3,0.005058176654305202,0.166,3,-0.039711234244742356,0.497,4,0.05494746203226975,0.415,3,0.16695349526764836,0.055,1,ward_80
0.0002440341429623855,0.42,1,0.0053359101191744526,0.111,3,0.24857158287022607,0.257,3,0.528128547690989,0.081,3,-0.8910509452315086,0.112,2,ward_81
-0.03218635331001617,0.348,2,0.0053359101191744526,0.128,3,0.36926764844917515,0.074,3,0.3794150122944329,0.151,3,0.032623201863940916,0.461,1,ward_82
0.0002440341429623855,0.5,1,0.0053359101191744526,0.169,3,0.1706278746270533,0.077,3,0.18318988551970736,0.069,3,-0.0003351403871839493,0.439,4,ward_83
0.00024403414296238552,0.452,1,0.0053359101191744526,0.186,3,-0.017930557290562355,0.462,4,0.09934549793906658,0.178,3,-0.004695564349182076,0.431,4,ward_84
0.0018613681247401411,0.315,1,0.0053359101191744526,0.152,3,0.1706278746270533,0.111,3,0.17632734639708722,0.208,3,0.2720079315579458,0.209,1,ward_85
-0.15996349393916226,0.272,4,0.0053359101191744526,0.128,3,0.4229103442620413,0.078,3,0.5487196525920507,0.049,3,-0.5053986388784751,0.023,2,ward_86
-0.23090241267416028,0.213,4,0.0006677449495315648,0.113,3,0.12920013805298028,0.171,3,0.36118681905200284,0.03,3,1.5769672293856936,0.034,1,ward_87
-0.004079956292120269,0.16,4,0.03231017641724511,0.005,3,0.12712875122427664,0.151,3,0.3002282323354121,0.122,3,0.15222439670997995,0.055,1,ward_88
0.025248625928141987,0.161,3,0.0053359101191744526,0.128,3,0.11262904342335107,0.26,3,0.4319858825850446,0.124,3,0.19151633496960274,0.096,1,ward_89
0.0002440341429623855,0.452,1,0.05713175623690804,0.029,3,-0.06136745018775567,0.323,2,0.01843781135849034,0.462,3,-0.12567646043025973,0.183,2,ward_90
0.005619084522343858,0.12,1,0.0053359101191744526,0.169,3,0.12920013805298028,0.171,3,0.1560723400871511,0.342,3,0.22927562068229823,0.147,1,ward_91
0.0002440341429623855,0.452,1,0.0053359101191744526,0.128,3,0.26198225682344267,0.193,3,-0.42308045912690007,0.129,4,0.3163924984200102,0.161,1,ward_92
0.02076962470738232,0.133,1,-0.15193708200041767,0.151,4,-0.10487546366275853,0.114,4,0.07852727114112998,0.011,3,0.08602442514627003,0.153,1,ward_93
0.0002440341429623855,0.364,1,0.0053359101191744526,0.08,3,0.17062787462705328,0.304,3,-0.001299461981552258,0.491,4,0.16541813197373617,0.397,3,ward_94
0.11230478428379764,0.254,1,-0.032654119542244016,0.059,2,0.15469686519771017,0.353,3,0.4277151349018614,0.121,3,1.4753348534004933,0.034,1,ward_95
0.016063705192669146,0.126,1,-0.026118688304743974,0.059,2,0.016918525836125683,0.321,3,0.42243357644128177,0.028,3,0.04905081335819014,0.313,1,ward_96
0.0002440341429623855,0.364,1,0.09166232031539708,0.02,3,0.3156249526363089,0.202,3,0.3997519060238766,0.209,3,-0.03838836513703698,0.492,4,ward_97
0.0016562761055492156,0.32,1,0.0053359101191744526,0.149,3,0.2598249326298858,0.168,1,0.016303131246794073,0.442,3,-0.02812451599407145,0.306,2,ward_98
0.0002440341429623855,0.364,1,0.029289017983870427,0.037,3,0.1368159665934214,0.465,3,-0.14774194000409882,0.273,2,0.812351455606315,0.092,3,ward_99
0.0019387244980665819,0.305,1,0.0053359101191744526,0.126,3,-0.09036686578960676,0.306,2,0.04535153153646834,0.46,3,-0.17461445457884053,0.196,4,ward_100
0.5908323987092313,0.068,3,0.0053359101191744526,0.166,3,-0.005484456173888044,0.353,2,0.15908321423466365,0.164,3,0.31336187795962966,0.185,1,ward_101
0.0019387244980665819,0.307,1,0.0053359101191744526,0.126,3,-0.2643633594007135,0.092,2,0.0456159022577242,0.439,3,0.04055431816611854,0.23,3,ward_102
0.0002440341429623855,0.352,1,0.0053359101191744526,0.08,3,0.22622045961486517,0.304,3,0.24722520305304996,0.343,3,0.0990059403814904,0.35,3,ward_103
-0.23543158665546302,0.184,2,0.0053359101191744526,0.08,3,-0.07601236250170902,0.035,2,0.3231090469798418,0.241,3,0.07586693746196634,0.264,1,ward_104
0.0002440341429623855,0.476,1,0.0053359101191744526,0.149,3,0.36032719914703076,0.067,3,0.1549884976555745,0.143,3,0.07033967899670052,0.045,3,ward_105
-0.15791231771770725,0.168,4,0.0053359101191744526,0.149,3,-0.06875213685031567,0.011,2,0.10288188807515583,0.38,3,0.013755704922927124,0.339,1,ward_106
-0.008206745082601467,0.064,4,0.006873543318037113,0.129,3,0.14991400634001678,0.168,3,0.18979430820638113,0.08,3,-0.036973790721010154,0.139,2,ward_107
0.0002440341429623855,0.476,1,0.017312464051522435,0.082,3,0.018370570966404348,0.25,3,-0.10288500909945565,0.303,2,1.0815790726529426,0.072,3,ward_108
0.0051413201186668355,0.17,1,-0.027341246068325765,0.111,4,0.19962729022890444,0.123,3,0.273158046976284,0.056,3,1.282107904301191,0.005,1,ward_109
0.0036218410271366586,0.221,1,0.0053359101191744526,0.108,3,0.3156249526363089,0.156,3,0.7378527642758756,0.005,3,0.0885126585516729,0.446,1,ward_110
0.0002440341429623855,0.477,1,0.0053359101191744526,0.22,3,0.012500159939706323,0.42,1,0.03138125989460303,0.436,3,0.029522693823714925,0.235,3,ward_111
0.0002440341429623855,0.443,1,0.0053359101191744526,0.126,3,-0.9181570510596144,0.011,2,-0.4719018855727381,0.131,2,0.0911210538002107,0.222,3,ward_112
0.0002440341429623855,0.476,1,0.3531765246661236,0.083,3,0.04979697628600699,0.424,3,0.057249192113586984,0.227,3,-0.10206422644007401,0.271,2,ward_113
0.0002440341429623855,0.476,1,0.017312464051522435,0.074,3,-0.22080200549235343,0.236,2,-0.1285689488593492,0.289,2,0.762378591391135,0.019,3,ward_114
0.0002440341429623855,0.498,1,0.0053359101191744526,0.163,3,-0.00859598145305661,0.347,2,0.0198876779758458,0.43,3,-0.005230667066506679,0.45,4,ward_115
0.0002440341429623855,0.443,1,0.0053359101191744526,0.126,3,0.4229103442620413,0.072,3,0.07461586936213875,0.375,3,1.4031836183562418,0.033,3,ward_116
0.0002440341429623855,0.498,1,0.0053359101191744526,0.163,3,-0.2022217545396039,0.113,2,-0.008661558579245792,0.478,4,0.2187034863239585,0.317,3,ward_117
0.005393078579070174,0.175,1,-0.0028333789277006018,0.072,2,0.1706278746270533,0.198,3,0.19400733416208937,0.125,3,0.006329476964237044,0.006,1,ward_118
0.00047398206172548097,0.411,1,-0.026118688304743978,0.059,2,0.15469686519771017,0.35,3,0.12927121942227732,0.389,3,0.025156306596081,0.404,3,ward_119
-0.006345662622510168,0.39,4,0.0053359101191744526,0.108,3,-0.05604674196037735,0.05,2,0.16483294400839138,0.153,3,0.08085798250662761,0.226,1,ward_120
0.0016864548382238278,0.312,1,0.0053359101191744526,0.163,3,0.06705853319187072,0.414,3,0.4001150648404737,0.098,3,0.03995132606234078,0.293,1,ward_121
0.001760223690810798,0.309,1,-0.02179982535326731,0.079,2,0.016296220780291963,0.296,3,0.06630655869294629,0.397,3,0.03719151319250602,0.069,1,ward_122
0.0002440341429623855,0.477,1,0.14633002616893254,0.016,3,-0.16769864072787644,0.154,2,-0.0061727180371113416,0.422,2,-0.06969170401147466,0.39,4,ward_123
0.0002440341429623855,0.44,1,0.0053359101191744526,0.126,3,-0.23536394379886244,0.114,2,0.024107818192764204,0.468,3,0.12037663642818049,0.404,3,ward_124
0.0003480600341642958,0.434,1,-0.017131660183624425,0.081,2,0.06705853319187072,0.413,3,-0.013463870489389322,0.439,2,-0.0008680182575058673,0.334,4,ward_125
0.0002440341429623855,0.477,1,-0.0001102825787422506,0.098,2,0.18151821310414332,0.275,3,0.021570419713432435,0.497,3,0.48710984663987983,0.154,1,ward_126
0.0010339775464180074,0.385,1,0.07719523371326237,0.223,3,-0.09627876382002705,0.415,4,0.07622507179738444,0.348,1,0.8320966675128494,0.007,3,ward_127
0.0002440341429623855,0.44,1,0.0053359101191744526,0.126,3,0.11262904342335107,0.259,3,-0.043835702719539224,0.483,4,-0.13616617632775657,0.168,4,ward_128
-0.048200852004971144,0.167,4,0.0053359101191744526,0.221,3,0.8949909596174979,0.156,1,0.12844016683231893,0.105,3,0.07834034508112925,0.207,1,ward_129
-0.0017512841688819003,0.301,4,0.0053359101191744526,0.126,3,-0.23536394379886244,0.113,2,0.10387606243324705,0.395,3,0.01632762320973599,0.416,1,ward_130
0.0002440341429623855,0.407,1,0.0053359101191744526,0.109,3,0.0038501196636176764,0.497,3,0.3743307888620721,0.194,3,0.03529145399012414,0.359,1,ward_131
0.0002440341429623855,0.476,1,0.011256356974150884,0.103,3,-0.022701562718620845,0.382,2,-0.13714791337590934,0.244,2,1.0856678628755212,0.008,3,ward_132
0.0002440341429623855,0.44,1,0.012440446345146171,0.082,3,0.15469686519771023,0.329,3,0.005516148146478452,0.421,1,2.1603438672046997,0.013,3,ward_133
0.00024403414296238543,0.477,1,0.03530731711703072,0.008,3,0.7533819869122257,0.086,1,0.14902786916398647,0.225,1,-0.048277023434417865,0.096,4,ward_134
0.00031429386886273626,0.427,1,0.0053359101191744526,0.151,3,0.14646169495884406,0.152,3,0.0006006541876284863,0.473,3,0.014927632769811027,0.372,3,ward_135
0.0002440341429623855,0.477,1,0.0053359101191744526,0.221,3,2.031382222075445,0.049,1,0.9736089884917262,0.018,1,0.29510415634634046,0.022,3,ward_136
0.0002440341429623855,0.407,1,0.0053359101191744526,0.109,3,-0.028820895767652333,0.203,2,-0.23221093785925406,0.09,2,0.5060590588825756,0.099,3,ward_137
0.13350573800440893,0.166,1,0.0053359101191744526,0.126,3,-0.004862151118054328,0.379,2,0.04285523289226588,0.405,3,0.27201507294643185,0.084,1,ward_138
0.0002440341429623855,0.407,1,0.0053359101191744526,0.109,3,-0.046867742386830134,0.333,2,-0.8304411781831454,0.202,4,-0.25640262211328835,0.159,2,ward_139
0.0002440341429623855,0.475,1,0.0053359101191744526,0.151,3,0.5968031203638425,0.025,1,0.5507449558002259,0.029,1,0.9258164546397178,0.01,3,ward_140
0.0022263958104702087,0.29,1,0.0053359101191744526,0.109,3,0.38781233911302,0.016,1,-0.03859321992629677,0.465,4,-0.23496415129288542,0.22,4,ward_141
0.0002440341429623855,0.44,1,0.0053359101191744526,0.126,3,-0.07020418198059436,0.011,2,0.16201040316379148,0.186,1,0.6518278488855159,0.132,3,ward_142
0.0002440341429623855,0.44,1,0.007488596597582177,0.11,3,0.1400104658800346,0.289,1,-0.042380883106468675,0.44,4,-0.0002321523572283622,0.48,2,ward_143
-0.0075165311162504,0.1,4,0.0033917758650896996,0.088,3,0.016451797044250465,0.384,1,0.0851942820638636,0.348,1,-0.029081876712447597,0.396,2,ward_144
0.0002440341429623855,0.499,1,0.02067619650830966,0.034,3,-0.015796939956275343,0.409,2,0.6008909980242827,0.036,1,1.5974744078499545,0.001,3,ward_145
-0.0027403055619130675,0.251,4,0.0053359101191744526,0.147,3,0.11005684919257176,0.296,1,0.002083566773991718,0.473,3,-0.038242008472346385,0.302,2,ward_146
0.0002440341429623855,0.44,1,0.0053359101191744526,0.123,3,0.1706278746270533,0.175,3,-0.10181479228898675,0.451,4,0.30926315588826103,0.279,3,ward_147
-0.006748580037909594,0.095,4,0.005058176654305202,0.157,3,-0.01170750673222519,0.255,2,-0.0016115918762131926,0.474,4,-0.07641776320222606,0.444,4,ward_148
0.0002440341429623855,0.475,1,0.0053359101191744526,0.147,3,0.025630796617797682,0.478,3,0.5309096788793648,0.134,1,0.22380560494934246,0.06,3,ward_149
0.0002440341429623855,0.475,1,0.017312464051522435,0.074,3,1.4277878049204635,0.065,1,0.7305089766938038,0.006,1,1.8805820819745422,0.002,3,ward_150
0.00024403414296238552,0.448,1,0.0053359101191744526,0.177,3,0.4376745317116964,0.033,1,0.3033504289929928,0.022,1,1.1459574083416837,0.008,3,ward_151
0.0002440341429623855,0.44,1,0.012440446345146171,0.08,3,-0.3513616062062669,0.049,2,0.9476964264253853,0.043,1,1.4314912157438187,0.008,3,ward_152
0.0002440341429623855,0.351,1,0.004687865367812867,0.068,3,-0.032451008593349005,0.18,2,0.006391727856036949,0.474,3,0.20662645542405864,0.372,3,ward_153
0.0002440341429623855,0.44,1,0.0053359101191744526,0.123,3,-0.14836569699330904,0.206,2,-0.08497157988512023,0.179,2,-0.14376712636717948,0.125,4,ward_154
0.0002440341429623855,0.407,1,0.0053359101191744526,0.104,3,1.5908835883035497,0.009,1,3.657042569636078,0.003,1,1.209930269075108,0.004,3,ward_155
0.0002440341429623855,0.475,1,0.0053359101191744526,0.147,3,0.11005684919257173,0.327,1,-0.08068637230928126,0.253,2,0.011262117447039696,0.46,3,ward_156
0.0002440341429623855,0.44,1,0.0053359101191744526,0.123,3,0.0474114735719777,0.495,3,0.11233267055756886,0.394,3,0.29583773625157184,0.183,1,ward_157
0.0002440341429623855,0.499,1,0.040858591249033044,0.119,3,0.45511018586532304,0.176,1,1.1092957942997883,0.002,1,1.0979073939241375,0.002,3,ward_158
0.0002440341429623855,0.44,1,0.0053359101191744526,0.125,3,3.4926167236785908,0.008,1,0.9552385197809871,0.042,1,0.8245193486270249,0.075,3,ward_159
0.0002440341429623855,0.499,1,0.0053359101191744526,0.161,3,0.7833316524564768,0.033,1,0.03881159194806408,0.23,1,0.250342206113334,0.182,3,ward_160
0.0002440341429623855,0.407,1,0.0053359101191744526,0.106,3,1.532853641847056,0.001,1,1.479333860886676,0.01,1,0.8157431658758367,0.096,3,ward_161
0.0002440341429623855,0.475,1,0.007129815517847554,0.134,3,1.5655246572783255,0.005,1,0.5420024249558254,0.06,1,-0.012741793728331488,0.085,4,ward_162
0.0002440341429623855,0.499,1,0.0053359101191744526,0.161,3,-0.014819032011393757,0.24,2,0.23077799738540652,0.124,1,0.4617747237590354,0.06,3,ward_163
0.0002440341429623855,0.499,1,0.0053359101191744526,0.161,3,-0.07180439498130965,0.429,4,-0.006078220196644458,0.365,2,0.04265604047935798,0.446,1,ward_164
0.0002440341429623855,0.407,1,0.0053359101191744526,0.106,3,0.9766684981956727,0.11,1,2.6171227046585384,0.032,1,1.7611617050470294,0.002,3,ward_165
0.0017427575085709908,0.332,1,0.0053359101191744526,0.106,3,-0.09587426553373513,0.425,4,-0.18064528169867738,0.421,4,-0.004977276988936623,0.411,2,ward_166
0.0002440341429623855,0.499,1,0.005058176654305202,0.158,3,-0.3679327008358961,0.018,2,0.5708766789751201,0.035,1,0.06568820757228193,0.067,3,ward_167
0.0002440341429623855,0.407,1,0.0053359101191744526,0.106,3,0.11446484333806048,0.418,3,0.009791968761796454,0.478,3,0.04312756804387787,0.422,1,ward_168
0.0002440341429623855,0.44,1,0.0053359101191744526,0.125,3,1.5647156607057415,0.12,1,0.4535361783850294,0.102,1,0.860364210796841,0.015,3,ward_169
0.0002440341429623855,0.407,1,0.0053359101191744526,0.106,3,-0.08311701188914403,0.282,2,-0.175070814629403,0.23,2,-0.031086903214470607,0.411,2,ward_170
0.0002440341429623855,0.407,1,0.0053359101191744526,0.106,3,0.10886409783555712,0.234,1,0.6710635686198659,0.116,1,0.6639137506117453,0.147,3,ward_171
0.0002440341429623855,0.44,1,0.019707774837992034,0.062,3,-0.03236803458590456,0.375,2,1.4929736919332643,0.001,1,2.033477581759278,0.006,3,ward_172
0.0002440341429623855,0.44,1,0.0053359101191744526,0.125,3,1.7387121543168487,0.05,1,0.045566813857833496,0.276,1,-0.0011532344506657438,0.499,2,ward_173
0.0002440341429623855,0.44,1,0.012440446345146171,0.087,3,-0.03971123424474234,0.084,2,5.632016077517997,0.002,1,1.6270107974613914,0.002,3,ward_174
0.0002440341429623855,0.44,1,0.012440446345146171,0.087,3,1.8010671209113869,0.008,1,2.316181114118326,0.001,1,1.6867681925881246,0.002,3,ward_175
0.0002440341429623855,0.407,1,0.0053359101191744526,0.106,3,0.1849408909112288,0.106,1,2.7031527171267355,0.012,1,1.927253858354807,0.002,3,ward_176
0.0002440341429623855,0.407,1,0.0053359101191744526,0.106,3,1.1397124228241062,0.006,1,6.535984262197126,0.005,1,1.5374541041835135,0.016,3,ward_177
0.0002440341429623855,0.407,1,0.0053359101191744526,0.106,3,0.40959301606719983,0.129,1,0.6588661448345863,0.068,1,0.8350731531011374,0.053,3,ward_178
0.0002440341429623855,0.44,1,0.0053359101191744526,0.125,3,0.012562390445289678,0.397,3,-0.026609923572038122,0.318,2,-0.1210518438480304,0.39,2,ward_179
0.0002440341429623855,0.499,1,0.0053359101191744526,0.161,3,3.224634386492141,0.005,1,2.571843058059935,0.002,1,1.3051698659342945,0.004,3,ward_180
0.0002440341429623855,0.351,1,0.0053359101191744526,0.082,3,0.5230599712475474,0.01,1,3.972262300371732,0.014,1,1.5982000153682023,0.007,3,ward_181
0.0002440341429623855,0.407,1,0.0053359101191744526,0.106,3,-0.03971123424474234,0.102,2,-0.06276277683047404,0.483,4,-0.15746588049650845,0.122,4,ward_182
0.0002440341429623855,0.407,1,0.0053359101191744526,0.106,3,1.447753425461795,0.039,1,3.56421724095164,0.001,1,2.590281855847695,0.005,3,ward_183
0.0002440341429623855,0.407,1,0.0053359101191744526,0.106,3,1.8264260519366107,0.039,1,4.2979394865657286,0.008,1,2.1752455632995953,0.002,3,ward_184
0.0002440341429623855,0.351,1,0.0053359101191744526,0.082,3,0.025630796617797682,0.456,3,-0.3157374494908424,0.31,4,-0.13900168045642797,0.332,2,ward_185
0.000925935032157135,0.359,1,0.0053359101191744526,0.106,3,0.5399659252643634,0.002,1,0.24716520443867532,0.224,1,0.015556425226252786,0.258,3,ward_186
0.0002440341429623855,0.44,1,0.0053359101191744526,0.125,3,-0.03821770211074146,0.405,4,0.14829528010778967,0.089,1,-0.06913081556645728,0.436,2,ward_187
0.0002440341429623855,0.351,1,0.0053359101191744526,0.082,3,-0.6026898747556432,0.021,2,0.42079858566891687,0.023,1,0.9229035884445712,0.127,3,ward_188
0.0002440341429623855,0.351,1,0.0053359101191744526,0.082,3,2.373587772278405,0.002,1,4.410790351743568,0.006,1,0.7012170890074743,0.048,3,ward_189
0.0023754441883244433,0.266,1,0.0053359101191744526,0.125,3,4.298501770983251,0.023,1,0.02543712803614165,0.44,1,0.01908871762873259,0.487,3,ward_190
0.0002440341429623855,0.44,1,0.0053359101191744526,0.125,3,7.0483433517012735,0.001,1,4.087460591595121,0.003,1,1.6039998432166895,0.008,3,ward_191
0.0002440341429623855,0.407,1,0.0053359101191744526,0.106,3,0.48924806321391556,0.241,1,0.1110104642100613,0.358,1,0.07873098649686068,0.451,3,ward_192
0.0002440341429623855,0.407,1,0.0053359101191744526,0.106,3,4.065790795354235,0.054,1,1.780700785663149,0.062,1,1.2828756904125314,0.036,3,ward_193
0.0002440341429623855,0.407,1,0.014216580401639102,0.053,3,1.710366159023623,0.137,1,5.834050499725111,0.002,1,2.2532555255145277,0.017,3,ward_194
0.0002440341429623855,0.407,1,0.0053359101191744526,0.106,3,-0.3006126289030274,0.087,2,4.110485369134028,0.001,1,1.8606133258969622,0.001,3,ward_195
0.0002440341429623855,0.351,1,0.0053359101191744526,0.082,3,1.8010671209113869,0.026,1,4.698763201439756,0.013,1,2.3335671444104964,0.003,3,ward_196
0.0002440341429623855,0.351,1,0.0053359101191744526,0.082,3,-0.0517424653241942,0.383,4,0.7338762223933806,0.217,1,0.42961998911176885,0.104,3,ward_197
0.0002440341429623855,0.269,1,0.0053359101191744526,0.062,3,2.0944839547369836,0.001,1,6.075930576903768,0.009,1,1.868306012584628,0.018,3,ward_198
