,count,mean,std,min,25%,50%,75%,max
population_est,198.0,44188.83838383838,39627.15286039944,13910.0,13910.0,27820.0,55640.0,222560.0
pop_k,198.0,44.18883838383838,39.62715286039943,13.91,13.91,27.82,55.64,222.56
pop_density_km2,198.0,19816.923290042927,8759.350899087654,7466.097765587325,14957.915417066546,17810.781466957054,21606.187915275877,77541.2098858868
it_job_density_mean,198.0,60.78434547787562,5.288803376536552,49.00327421644603,56.39724116933056,60.81051988238324,63.95506399409839,73.84058179360818
income_index_mean,198.0,0.06218765861663589,0.028158464973102308,0.037,0.038,0.05225,0.079,0.17400000000000002
congestion_index_mean,198.0,0.5367263825936238,0.0013046459924045699,0.5294219537480234,0.5367467632412867,0.5367467632412867,0.5367467632412867,0.5461522595151396
aqi_mean,198.0,73.80420704067404,1.2191811465625646,69.39270964874986,73.71514913233311,73.71514913233311,73.71514913233311,87.3577504407754
built_area_m2_sum,198.0,86759.60477506055,97413.35058619783,291.5630812844645,24659.886902594226,52857.24909420808,109587.24110212717,626764.0522608873
net_flow,198.0,-7.02020202020202,27.218137353136587,-80.5,-24.375,-6.5,7.0,70.5
schools_count_sum,198.0,30.818181818181817,40.85305191151015,1.0,13.0,20.0,32.0,316.0
health_count_sum,198.0,0.0,0.0,0.0,0.0,0.0,0.0,0.0
electricity_asset_count,198.0,2.898989898989899,0.3021059583155149,2.0,3.0,3.0,3.0,3.0
