ward_id,ward_num_x,ward_name_x,zone_name_x,area_sqm_x,area_sqkm_x,population_2011_x,density_2011_x,updated_population_2023_x,slum_percentage_x,centroid_lon_x,centroid_lat_x,ward_num_y,ward_name_y,zone_name_y,area_sqm_y,area_sqkm_y,population_2011_y,density_2011_y,updated_population_2023_y,slum_percentage_y,centroid_lon_y,centroid_lat_y,population_total,household_count,avg_household_size,population_from_h3,households_from_h3,population_est,built_area_m2_sum,built_density_mean,it_job_density_mean,income_index_mean,congestion_index_mean,aqi_mean,total_outflow_sum,total_inflow_sum,schools_count_sum,health_count_sum,park_count,electricity_asset_count,pop_k,pop_density_km2,net_flow
ward_1,1,Kempegowda Ward,150-YELAHANKA,2063800.5875681788,2.0638005875681786,34783,16853.86,41587,10.45,77.575677986454,12.981173966894072,1,Kempegowda Ward,150-YELAHANKA,2063800.5875681788,2.0638005875681786,34783,16853.86,41587,10.45,77.575677986454,12.981173966894072,34783.0,8695.75,4.0,34783.0,8695.75,41730.0,81431.6514511098,0.0,60.52440666500248,0.038,0.5365652647903466,71.98870159710013,930.0,900.5,130.0,0.0,1.0,3.0,41.73,20219.97679977956,-29.5
ward_2,2,Chowdeswari Ward,150-YELAHANKA,754380.1338753477,0.7543801338753476,36602,48519.31,43762,24.55,77.57728754158433,12.970482425625166,2,Chowdeswari Ward,150-YELAHANKA,754380.1338753477,0.7543801338753476,36602,48519.31,43762,24.55,77.57728754158433,12.970482425625166,36602.0,9150.5,4.0,0.0,0.0,13910.0,29499.58766725452,0.0,62.27107757012549,0.038,0.5294219537480234,73.71514913233311,238.0,273.0,44.0,0.0,1.0,3.0,13.91,18438.979733655688,35.0
ward_3,3,Atturu,150-YELAHANKA,1309971.8540663754,1.3099718540663754,58129,44374.24,69500,23.33,77.56877743923056,12.981795343762906,3,Atturu,150-YELAHANKA,1309971.8540663754,1.3099718540663754,58129,44374.24,69500,23.33,77.56877743923056,12.981795343762906,58129.0,14532.25,4.0,0.0,0.0,27820.0,12643.219460012391,0.0,60.979521387990445,0.0645,0.5420287435436941,73.71514913233311,704.0,696.5,122.0,0.0,1.0,3.0,27.82,21237.09750987549,-7.5
ward_4,4,Yelahanka Satellite Town,150-YELAHANKA,4200543.062144555,4.200543062144555,41986,9995.37,50199,5.3,77.59289542993665,12.976822623437009,4,Yelahanka Satellite Town,150-YELAHANKA,4200543.062144555,4.200543062144555,41986,9995.37,50199,5.3,77.59289542993665,12.976822623437009,41986.0,10496.5,4.0,41986.0,10496.5,69550.0,406895.49263901403,0.0,68.88906391320475,0.0378,0.5359740577280893,73.71514913233311,1421.0,1428.5,216.0,0.0,1.0,3.0,69.55,16557.382931456435,7.5
ward_5,5,Jakkuru,152-BYATARAYANAPURA,791815.2149816114,0.7918152149816113,52025,65703.46,62202,27.27,77.56605935226192,12.970313643799132,5,Jakkuru,152-BYATARAYANAPURA,791815.2149816114,0.7918152149816113,52025,65703.46,62202,27.27,77.56605935226192,12.970313643799132,52025.0,13006.25,4.0,52025.0,13006.25,13910.0,22090.18695974349,0.0,72.32661590054077,0.038,0.5388570651660668,73.71514913233311,379.0,377.0,55.0,0.0,1.0,3.0,13.91,17567.230001160104,-2.0
ward_6,6,Thanisandra,152-BYATARAYANAPURA,814291.0569605904,0.8142910569605905,71855,88242.4,85911,29.24,77.56395294475757,12.98325924341543,6,Thanisandra,152-BYATARAYANAPURA,814291.0569605904,0.8142910569605905,71855,88242.4,85911,29.24,77.56395294475757,12.98325924341543,71855.0,17963.75,4.0,0.0,0.0,13910.0,9092.966456436567,0.0,63.71741302881319,0.038,0.5461522595151396,73.71514913233311,769.0,759.0,34.0,0.0,1.0,3.0,13.91,17082.34406002227,-10.0
ward_7,7,Byatarayanapura,152-BYATARAYANAPURA,4617433.818510922,4.617433818510921,72154,15626.43,86269,9.85,77.58990396198023,12.991209681889488,7,Byatarayanapura,152-BYATARAYANAPURA,4617433.818510922,4.617433818510921,72154,15626.43,86269,9.85,77.58990396198023,12.991209681889488,72154.0,18038.5,4.0,72154.00000000001,18038.500000000004,83460.0,184582.0553979501,0.0,65.50530606732936,0.04,0.5359557231768717,73.71514913233311,1957.0,1921.5,284.0,0.0,1.0,3.0,83.46,18074.974819436622,-35.5
ward_8,8,Kodigehalli,152-BYATARAYANAPURA,954846.2751092416,0.9548462751092416,47546,49794.4,56847,24.85,77.57100790905416,12.963668912936361,8,Kodigehalli,152-BYATARAYANAPURA,954846.2751092416,0.9548462751092416,47546,49794.4,56847,24.85,77.57100790905416,12.963668912936361,47546.0,11886.5,4.0,0.0,0.0,13910.0,89439.64039292405,0.0,58.433654388482346,0.091,0.5348141019465521,73.71514913233311,353.0,314.0,36.0,0.0,1.0,3.0,13.91,14567.789981071657,-39.0
ward_9,9,Vidyaranyapura,152-BYATARAYANAPURA,841246.0917836998,0.8412460917836998,57195,67988.43,68383,27.58,77.57354406640482,12.996411021649624,9,Vidyaranyapura,152-BYATARAYANAPURA,841246.0917836998,0.8412460917836998,57195,67988.43,68383,27.58,77.57354406640482,12.996411021649624,57195.0,14298.75,4.0,0.0,0.0,27820.0,52857.24909420808,0.0,60.81051988238324,0.05225,0.5367467632412867,73.71514913233311,667.0,671.5,20.0,0.0,1.0,3.0,27.82,33069.99018683471,4.5
ward_10,10,Dodda Bommasandra,152-BYATARAYANAPURA,1447978.1325407105,1.4479781325407104,36396,25135.74,43516,15.91,77.5872941414428,12.960848365832991,10,Dodda Bommasandra,152-BYATARAYANAPURA,1447978.1325407105,1.4479781325407104,36396,25135.74,43516,15.91,77.5872941414428,12.960848365832991,36396.0,9099.0,4.0,36396.0,9099.0,27820.0,52857.24909420808,0.0,60.81051988238324,0.05225,0.5367467632412867,73.71514913233311,667.0,671.5,20.0,0.0,1.0,3.0,27.82,19212.99733386535,4.5
ward_11,11,Kuvempu Nagar,152-BYATARAYANAPURA,1441008.941664834,1.441008941664834,37128,25765.28,44391,16.36,77.57970790996212,12.958947479266824,11,Kuvempu Nagar,152-BYATARAYANAPURA,1441008.941664834,1.441008941664834,37128,25765.28,44391,16.36,77.57970790996212,12.958947479266824,37128.0,9282.0,4.0,37128.0,9282.0,41730.0,107574.69216619026,0.0,63.255098271103606,0.038,0.5366070387987297,73.71514913233311,850.0,825.0,109.0,0.0,1.0,3.0,41.73,28958.876515914108,-25.0
ward_12,12,Shettihalli,155-DASARAHALLI,857503.7644861389,0.857503764486139,61071,71219.51,73018,27.88,77.55929931165947,12.97216337721322,12,Shettihalli,155-DASARAHALLI,857503.7644861389,0.857503764486139,61071,71219.51,73018,27.88,77.55929931165947,12.97216337721322,61071.0,15267.75,4.0,0.0,0.0,13910.0,7880.1358994985085,0.0,73.84058179360818,0.037,0.5347736452091809,73.71514913233311,423.0,448.0,36.0,0.0,1.0,3.0,13.91,16221.503130468003,25.0
ward_13,13,Mallasandra,155-DASARAHALLI,578965.5822239877,0.5789655822239876,41482,71648.47,49597,28.03,77.56296807386768,12.991747463542438,13,Mallasandra,155-DASARAHALLI,578965.5822239877,0.5789655822239876,41482,71648.47,49597,28.03,77.56296807386768,12.991747463542438,41482.0,10370.5,4.0,0.0,0.0,13910.0,8790.498586770722,0.0,69.52781252355908,0.038,0.5392988916674599,73.71514913233311,288.0,284.5,39.0,0.0,1.0,3.0,13.91,24025.607785815773,-3.5
ward_14,14,Bagalakunte,155-DASARAHALLI,629052.2001665323,0.6290522001665323,65113,103509.69,77850,29.55,77.56256422314229,12.96409592202492,14,Bagalakunte,155-DASARAHALLI,629052.2001665323,0.6290522001665323,65113,103509.69,77850,29.55,77.56256422314229,12.96409592202492,65113.0,16278.25,4.0,0.0,0.0,13910.0,32362.561304617408,0.0,65.30755481712465,0.06,0.5369057295235109,73.71514913233311,468.0,476.0,41.0,0.0,1.0,3.0,13.91,22112.632300336176,8.0
ward_15,15,T Dasarahalli,155-DASARAHALLI,1047022.8750952776,1.0470228750952775,33042,31558.05,39506,18.64,77.55802719206898,12.984963716667394,15,T Dasarahalli,155-DASARAHALLI,1047022.8750952776,1.0470228750952775,33042,31558.05,39506,18.64,77.55802719206898,12.984963716667394,33042.0,8260.5,4.0,0.0,0.0,13910.0,2562.3837544139633,0.0,60.23790232134225,0.038,0.5356657024617012,73.71514913233311,288.0,284.5,42.0,0.0,1.0,3.0,13.91,13285.287581452518,-3.5
ward_16,16,Jalahalli,154-RAJARAJESHWARI NAGAR,815570.9647461572,0.8155709647461572,37959,46542.85,45384,23.94,77.57906156393832,13.001628443793978,16,Jalahalli,154-RAJARAJESHWARI NAGAR,815570.9647461572,0.8155709647461572,37959,46542.85,45384,23.94,77.57906156393832,13.001628443793978,37959.0,9489.75,4.0,0.0,0.0,13910.0,72934.9705044247,0.0,63.2501121223003,0.038,0.5373434472292759,73.71514913233311,277.0,287.0,32.0,0.0,1.0,3.0,13.91,17055.536061573042,10.0
ward_17,17,J P Park,154-RAJARAJESHWARI NAGAR,358776.9657056059,0.3587769657056059,49610,138275.32,59315,30.0,77.55560533792001,12.972426355747242,17,J P Park,154-RAJARAJESHWARI NAGAR,358776.9657056059,0.3587769657056059,49610,138275.32,59315,30.0,77.55560533792001,12.972426355747242,49610.0,12402.5,4.0,0.0,0.0,27820.0,52857.24909420808,0.0,60.81051988238324,0.05225,0.5367467632412867,73.71514913233311,667.0,671.5,20.0,0.0,1.0,3.0,27.82,77541.2098858868,4.5
ward_18,18,Radhakrishna Temple Ward,158-HEBBAL,1066613.6532732705,1.0666136532732704,35122,32928.51,41993,19.39,77.56348245834438,12.957957391575068,18,Radhakrishna Temple Ward,158-HEBBAL,1066613.6532732705,1.0666136532732704,35122,32928.51,41993,19.39,77.56348245834438,12.957957391575068,35122.0,8780.5,4.0,35122.0,8780.5,13910.0,23412.507347008694,0.0,64.8233073947989,0.038,0.5345138882837552,73.71514913233311,264.0,238.0,29.0,0.0,1.0,3.0,13.91,13041.273152009995,-26.0
ward_19,19,Sanjaya Nagar,158-HEBBAL,683569.6943361862,0.6835696943361862,32491,47531.36,38847,24.24,77.56051613531513,12.997426641765449,19,Sanjaya Nagar,158-HEBBAL,683569.6943361862,0.6835696943361862,32491,47531.36,38847,24.24,77.56051613531513,12.997426641765449,32491.0,8122.75,4.0,0.0,0.0,13910.0,6768.03104819398,0.0,71.95273918660953,0.038,0.5363989804023099,73.71514913233311,313.0,281.0,50.0,0.0,1.0,3.0,13.91,20349.05894051957,-32.0
ward_20,20,Ganga Nagar,158-HEBBAL,328103.17108769296,0.32810317108769294,27361,83391.45,32713,28.94,77.55440306853286,12.965920292990184,20,Ganga Nagar,158-HEBBAL,328103.17108769296,0.32810317108769294,27361,83391.45,32713,28.94,77.55440306853286,12.965920292990184,27361.0,6840.25,4.0,0.0,0.0,13910.0,1575.8945131033292,0.0,54.42855961838014,0.042,0.5350638122259628,73.71514913233311,210.0,179.0,28.0,0.0,1.0,3.0,13.91,42395.20134440347,-31.0
ward_21,21,Hebbala,158-HEBBAL,5045319.370393719,5.0453193703937185,32516,6444.79,38877,1.97,77.6058982405604,12.96686750723714,21,Hebbala,158-HEBBAL,5045319.370393719,5.0453193703937185,32516,6444.79,38877,1.97,77.6058982405604,12.96686750723714,32516.0,8129.0,4.0,32516.0,8129.0,97370.0,626764.0522608873,0.0,65.63211188152341,0.03971428571428571,0.5341680321353113,73.71514913233311,1970.0,1915.0,231.0,0.0,1.0,3.0,97.37,19299.075608845273,-55.0
ward_22,22,Vishwanath Nagenahalli,158-HEBBAL,1005248.5397938335,1.0052485397938336,51592,51322.63,61684,25.45,77.55081712797472,12.986687415762171,22,Vishwanath Nagenahalli,158-HEBBAL,1005248.5397938335,1.0052485397938336,51592,51322.63,61684,25.45,77.55081712797472,12.986687415762171,51592.0,12898.0,4.0,51592.0,12898.0,13910.0,6121.700943334763,0.0,67.30611641822719,0.082,0.5364612200255257,73.71514913233311,363.0,368.0,39.0,0.0,1.0,3.0,13.91,13837.373991961034,5.0
ward_23,23,Nagavara,160-SARVARGNA NAGAR,1211597.4461491131,1.211597446149113,60483,49920.05,72315,25.0,77.60878214003148,12.982698948808133,23,Nagavara,160-SARVARGNA NAGAR,1211597.4461491131,1.211597446149113,60483,49920.05,72315,25.0,77.60878214003148,12.982698948808133,60483.0,15120.75,4.0,0.0,0.0,13910.0,73661.64924472464,0.0,73.24464666373986,0.038,0.539294232977916,73.71514913233311,288.0,284.5,36.0,0.0,1.0,3.0,13.91,11480.710894704276,-3.5
ward_24,24,HBR Layout,160-SARVARGNA NAGAR,1440608.0473686645,1.4406080473686644,58967,40932.02,70502,22.42,77.59939697176775,12.956106778429897,24,HBR Layout,160-SARVARGNA NAGAR,1440608.0473686645,1.4406080473686644,58967,40932.02,70502,22.42,77.59939697176775,12.956106778429897,58967.0,14741.75,4.0,58967.0,14741.75,27820.0,70550.45713838634,0.0,59.38905643571695,0.038,0.5389710663198946,73.71514913233311,694.0,686.5,69.0,0.0,1.0,3.0,27.82,19311.290153358845,-7.5
ward_25,25,Horamavu,151-K.R.PURA,2426184.8865644545,2.4261848865644544,95368,39307.8,114024,21.67,77.56964616261175,12.94931429407134,25,Horamavu,151-K.R.PURA,2426184.8865644545,2.4261848865644544,95368,39307.8,114024,21.67,77.56964616261175,12.94931429407134,95368.0,23842.0,4.0,95368.0,23842.0,41730.0,38982.02268611237,0.0,64.20177324399144,0.04566666666666667,0.5378107180256472,73.71514913233311,1285.0,1238.0,94.0,0.0,1.0,3.0,41.73,17199.84335533919,-47.0
ward_26,26,Ramamurthy Nagar,151-K.R.PURA,1292513.3551282173,1.2925133551282173,47358,36640.24,56622,20.91,77.54715677142477,12.980113439950697,26,Ramamurthy Nagar,151-K.R.PURA,1292513.3551282173,1.2925133551282173,47358,36640.24,56622,20.91,77.54715677142477,12.980113439950697,47358.0,11839.5,4.0,0.0,0.0,13910.0,28344.77432206209,0.0,64.29933312567412,0.038,0.5332176847078264,73.71514913233311,354.0,335.0,26.0,0.0,1.0,3.0,13.91,10761.977773622408,-19.0
ward_27,27,Banasavadi,160-SARVARGNA NAGAR,1151544.6659252853,1.1515446659252853,51268,44521.07,61297,23.48,77.55156151525762,12.995026981053291,27,Banasavadi,160-SARVARGNA NAGAR,1151544.6659252853,1.1515446659252853,51268,44521.07,61297,23.48,77.55156151525762,12.995026981053291,51268.0,12817.0,4.0,51268.0,12817.0,13910.0,7818.765288916554,0.0,60.077909616238784,0.086,0.5367467632412867,73.71514913233311,397.0,355.0,31.0,0.0,1.0,3.0,13.91,12079.42723508956,-42.0
ward_28,28,Kammanahalli,160-SARVARGNA NAGAR,692948.6171322658,0.6929486171322659,47074,67932.89,56283,27.42,77.55845629236532,13.003133027362274,28,Kammanahalli,160-SARVARGNA NAGAR,692948.6171322658,0.6929486171322659,47074,67932.89,56283,27.42,77.55845629236532,13.003133027362274,47074.0,11768.5,4.0,0.0,0.0,13910.0,21784.490679044568,0.0,58.40111765159139,0.038,0.5363881894569896,73.71514913233311,598.0,603.0,32.0,0.0,1.0,3.0,13.91,20073.638443158827,5.0
ward_29,29,Kacharkanahalli,160-SARVARGNA NAGAR,669551.7610081797,0.6695517610081797,33588,50164.9,40158,25.15,77.54728603926772,12.97236584992059,29,Kacharkanahalli,160-SARVARGNA NAGAR,669551.7610081797,0.6695517610081797,33588,50164.9,40158,25.15,77.54728603926772,12.97236584992059,33588.0,8397.0,4.0,0.0,0.0,13910.0,6845.268178899063,0.0,70.42038421462314,0.038,0.5375883859017422,73.71514913233311,374.0,348.0,30.0,0.0,1.0,3.0,13.91,20775.092845779353,-26.0
ward_30,30,Kadugondanahalli,160-SARVARGNA NAGAR,653077.9668439251,0.653077966843925,45748,70049.83,54697,27.73,77.5517948289974,12.960440513391937,30,Kadugondanahalli,160-SARVARGNA NAGAR,653077.9668439251,0.653077966843925,45748,70049.83,54697,27.73,77.5517948289974,12.960440513391937,45748.0,11437.0,4.0,0.0,0.0,27820.0,52857.24909420808,0.0,60.81051988238324,0.05225,0.5367467632412867,73.71514913233311,667.0,671.5,20.0,0.0,1.0,3.0,27.82,42598.282919332545,4.5
ward_31,31,Kushal Nagar,159-PULAKESHI NAGAR (SC),2799849.9250516477,2.7998499250516478,41936,14977.95,50139,9.39,77.56367314869723,13.00772529112838,31,Kushal Nagar,159-PULAKESHI NAGAR (SC),2799849.9250516477,2.7998499250516478,41936,14977.95,50139,9.39,77.56367314869723,13.00772529112838,41936.0,10484.0,4.0,41936.0,10484.0,55640.0,234829.31658088928,0.0,64.56018556704197,0.03775,0.537406488883936,73.71514913233311,1189.0,1155.5,126.0,0.0,1.0,3.0,55.64,19872.4937012378,-33.5
ward_32,32,Kaval Bairasandra,159-PULAKESHI NAGAR (SC),3125053.0231149625,3.1250530231149627,39334,12586.67,47028,7.27,77.58430303097877,12.945105684660884,32,Kaval Bairasandra,159-PULAKESHI NAGAR (SC),3125053.0231149625,3.1250530231149627,39334,12586.67,47028,7.27,77.58430303097877,12.945105684660884,39334.0,9833.5,4.0,39334.0,9833.5,55640.0,90616.60064361972,0.0,63.3306362682942,0.050249999999999996,0.5387616934324715,73.71514913233311,1136.0,1136.5,116.0,0.0,1.0,3.0,55.64,17804.497904019452,0.5
ward_33,33,Manorayanapalya,158-HEBBAL,878376.9368438865,0.8783769368438865,47926,54562.0,57301,26.21,77.59909745996283,13.005924891713153,33,Manorayanapalya,158-HEBBAL,878376.9368438865,0.8783769368438865,47926,54562.0,57301,26.21,77.59909745996283,13.005924891713153,47926.0,11981.5,4.0,0.0,0.0,13910.0,11352.538035734306,0.0,65.11539598584145,0.038,0.537235298659816,73.71514913233311,329.0,325.0,48.0,0.0,1.0,3.0,13.91,15836.025989002279,-4.0
ward_34,34,Gangenahalli,158-HEBBAL,663613.5080315341,0.6636135080315342,24308,36629.75,29063,20.76,77.61145386460366,12.988876060703717,34,Gangenahalli,158-HEBBAL,663613.5080315341,0.6636135080315342,24308,36629.75,29063,20.76,77.61145386460366,12.988876060703717,24308.0,6077.0,4.0,0.0,0.0,27820.0,161672.00204427232,0.0,69.13100730418421,0.055499999999999994,0.5378931101425286,73.71514913233311,1011.0,1020.0,69.0,0.0,1.0,3.0,27.82,41921.99173660887,9.0
ward_35,35,Aramane Nagara,157-MALLESWARAM,294732.45894798986,0.2947324589479899,36738,124648.64,43925,29.85,77.54829418781904,12.96353595008776,35,Aramane Nagara,157-MALLESWARAM,294732.45894798986,0.2947324589479899,36738,124648.64,43925,29.85,77.54829418781904,12.96353595008776,36738.0,9184.5,4.0,0.0,0.0,13910.0,23412.507347008694,0.0,65.00211878854523,0.038,0.5380026053744664,73.71514913233311,249.0,288.0,21.0,0.0,1.0,3.0,13.91,47195.34471924124,39.0
ward_36,36,Mattikere,157-MALLESWARAM,1278213.994679142,1.278213994679142,37036,28974.8,44281,17.73,77.59644764244243,12.948134678876242,36,Mattikere,157-MALLESWARAM,1278213.994679142,1.278213994679142,37036,28974.8,44281,17.73,77.59644764244243,12.948134678876242,37036.0,9259.0,4.0,0.0,0.0,13910.0,24710.15124998829,0.0,67.00059426613635,0.038,0.532755981702529,73.71514913233311,280.0,280.0,25.0,0.0,1.0,3.0,13.91,10882.371854715686,0.0
ward_37,37,Yeshwanthpura,154-RAJARAJESHWARI NAGAR,643079.8704656797,0.6430798704656797,41107,63922.08,49148,26.97,77.55354618088295,12.954239431139827,37,Yeshwanthpura,154-RAJARAJESHWARI NAGAR,643079.8704656797,0.6430798704656797,41107,63922.08,49148,26.97,77.55354618088295,12.954239431139827,41107.0,10276.75,4.0,0.0,0.0,13910.0,64581.38160230034,0.0,66.25553179669012,0.09,0.5373718122601844,73.71514913233311,642.0,599.0,26.0,0.0,1.0,3.0,13.91,21630.28363790522,-43.0
ward_38,38,HMT Ward,154-RAJARAJESHWARI NAGAR,814278.2758435138,0.8142782758435138,36879,45290.41,44093,23.79,77.54493152816202,12.968557766726896,38,HMT Ward,154-RAJARAJESHWARI NAGAR,814278.2758435138,0.8142782758435138,36879,45290.41,44093,23.79,77.54493152816202,12.968557766726896,36879.0,9219.75,4.0,0.0,0.0,13910.0,4866.877133095451,0.0,60.345010936503044,0.051,0.5361380133837405,73.71514913233311,502.0,525.0,30.0,0.0,1.0,3.0,13.91,17082.612188800667,23.0
ward_39,39,Chokkasandra,155-DASARAHALLI,7903777.186032147,7.903777186032147,59289,7501.35,70887,2.88,77.57732109738373,13.014529741918713,39,Chokkasandra,155-DASARAHALLI,7903777.186032147,7.903777186032147,59289,7501.35,70887,2.88,77.57732109738373,13.014529741918713,59289.0,14822.25,4.0,59289.0,14822.25,139100.0,587929.8186325742,0.0,63.315949289248465,0.046299999999999994,0.5374544282959741,73.71514913233311,3020.0,2997.5,316.0,0.0,1.0,3.0,139.1,17599.180331882682,-22.5
ward_40,40,Dodda Bidarakallu,153-YESHVANTHAPURA,934639.7556773488,0.9346397556773488,72794,77884.55,87034,28.33,77.5589549931391,12.948342020837146,40,Dodda Bidarakallu,153-YESHVANTHAPURA,934639.7556773488,0.9346397556773488,72794,77884.55,87034,28.33,77.5589549931391,12.948342020837146,72794.0,18198.5,4.0,0.0,0.0,13910.0,71802.3474529273,0.0,62.50901677534809,0.059,0.5391888052043812,73.71514913233311,538.0,518.0,18.0,0.0,1.0,3.0,13.91,14882.739489204794,-20.0
ward_41,41,Peenya Industrial Area,155-DASARAHALLI,2268572.5626563975,2.2685725626563973,57814,25484.75,69123,16.21,77.61074741024593,12.99641066373879,41,Peenya Industrial Area,155-DASARAHALLI,2268572.5626563975,2.2685725626563973,57814,25484.75,69123,16.21,77.61074741024593,12.99641066373879,57814.0,14453.5,4.0,0.0,0.0,41730.0,205375.60624717764,0.0,63.6440182673873,0.04633333333333334,0.5365164288746938,73.71514913233311,864.0,853.5,72.0,0.0,1.0,3.0,41.73,18394.827076254518,-10.5
ward_42,42,Lakshmi Devi Nagar,154-RAJARAJESHWARI NAGAR,770755.956046475,0.770755956046475,41352,53651.22,49441,26.06,77.5437404785765,12.991385746371689,42,Lakshmi Devi Nagar,154-RAJARAJESHWARI NAGAR,770755.956046475,0.770755956046475,41352,53651.22,49441,26.06,77.5437404785765,12.991385746371689,41352.0,10338.0,4.0,0.0,0.0,27820.0,29043.41963422358,0.0,62.458433014833034,0.038,0.5367467632412867,73.71514913233311,585.0,584.5,43.0,0.0,1.0,3.0,27.82,36094.43401864872,-0.5
ward_43,43,Nandini Layout,156-MAHALAXMI LAYOUT,1165164.8328848032,1.1651648328848032,51200,43942.28,61216,23.18,77.53970667447591,12.978410529788803,43,Nandini Layout,156-MAHALAXMI LAYOUT,1165164.8328848032,1.1651648328848032,51200,43942.28,61216,23.18,77.53970667447591,12.978410529788803,51200.0,12800.0,4.0,51200.0,12800.0,13910.0,58811.8777800783,0.0,71.10813688552808,0.056,0.5367467632412867,73.71514913233311,390.0,366.0,19.0,0.0,1.0,3.0,13.91,11938.225054012804,-24.0
ward_44,44,Marappana Palya,156-MAHALAXMI LAYOUT,1913854.6618491982,1.913854661849198,40212,21011.0,48078,12.88,77.6194088057532,12.979784880957174,44,Marappana Palya,156-MAHALAXMI LAYOUT,1913854.6618491982,1.913854661849198,40212,21011.0,48078,12.88,77.6194088057532,12.979784880957174,40212.0,10053.0,4.0,40212.0,10053.0,41730.0,106019.86395912126,0.0,66.04046647342211,0.05433333333333334,0.5349791229009268,73.71514913233311,882.0,843.0,71.0,0.0,1.0,3.0,41.73,21804.163519752216,-39.0
ward_45,45,Malleswaram,157-MALLESWARAM,1510964.0304205671,1.5109640304205672,34196,22631.91,40885,13.33,77.59328421528744,13.016288593679121,45,Malleswaram,157-MALLESWARAM,1510964.0304205671,1.5109640304205672,34196,22631.91,40885,13.33,77.59328421528744,13.016288593679121,34196.0,8549.0,4.0,34196.0,8549.0,41730.0,55880.17930034424,0.0,67.48398225648722,0.04533333333333334,0.5390828773391613,73.71514913233311,948.0,1018.5,67.0,0.0,1.0,3.0,41.73,27618.129326602648,70.5
ward_46,46,Jayachamarajendra  Nagar,158-HEBBAL,1345989.48491613,1.34598948491613,31449,23364.97,37601,14.39,77.61639239997544,12.96251179111574,46,Jayachamarajendra  Nagar,158-HEBBAL,1345989.48491613,1.34598948491613,31449,23364.97,37601,14.39,77.61639239997544,12.96251179111574,31449.0,7862.25,4.0,0.0,0.0,27820.0,10754.276146545451,0.0,70.44747281813319,0.038,0.5376301353132384,73.71514913233311,518.0,525.5,45.0,0.0,1.0,3.0,27.82,20668.80931223136,7.5
ward_47,47,Devara Jeevanahalli,159-PULAKESHI NAGAR (SC),744474.4704093966,0.7444744704093965,42135,56596.97,50377,26.36,77.54517900234974,12.955948998629836,47,Devara Jeevanahalli,159-PULAKESHI NAGAR (SC),744474.4704093966,0.7444744704093965,42135,56596.97,50377,26.36,77.54517900234974,12.955948998629836,42135.0,10533.75,4.0,0.0,0.0,13910.0,11208.57435656745,0.0,57.56921064120514,0.038,0.5367467632412867,87.3577504407754,309.0,277.0,16.0,0.0,1.0,3.0,13.91,18684.321024938174,-32.0
ward_48,48,Muneshwara Nagar,159-PULAKESHI NAGAR (SC),1713716.2483188137,1.7137162483188138,35814,20898.44,42820,12.58,77.56420475237508,12.940170921981236,48,Muneshwara Nagar,159-PULAKESHI NAGAR (SC),1713716.2483188137,1.7137162483188138,35814,20898.44,42820,12.58,77.56420475237508,12.940170921981236,35814.0,8953.5,4.0,0.0,0.0,27820.0,37363.347300585185,0.0,57.598309894381025,0.038,0.5347869264671996,73.71514913233311,541.0,545.5,36.0,0.0,1.0,3.0,27.82,16233.725990105957,4.5
ward_49,49,Lingarajapura,160-SARVARGNA NAGAR,1863088.3812041485,1.8630883812041485,37955,20372.09,45380,12.12,77.60436932747866,13.011211869575918,49,Lingarajapura,160-SARVARGNA NAGAR,1863088.3812041485,1.8630883812041485,37955,20372.09,45380,12.12,77.60436932747866,13.011211869575918,37955.0,9488.75,4.0,0.0,0.0,13910.0,23412.507347008694,0.0,63.38555045054439,0.038,0.5355016150436708,73.71514913233311,276.0,278.0,24.0,0.0,1.0,3.0,13.91,7466.097765587325,2.0
ward_50,50,Benniganahalli,161-C.V. RAMAN NAGAR (SC),2678873.4626008533,2.6788734626008535,49094,18326.36,58698,11.06,77.54823264728267,13.006549785174224,50,Benniganahalli,161-C.V. RAMAN NAGAR (SC),2678873.4626008533,2.6788734626008535,49094,18326.36,58698,11.06,77.54823264728267,13.006549785174224,49094.0,12273.5,4.0,49094.0,12273.5,55640.0,410845.12774674234,0.0,61.60532373199953,0.051750000000000004,0.5367467632412867,73.71514913233311,1210.0,1188.5,94.0,0.0,1.0,3.0,55.64,20769.924663026253,-21.5
ward_51,51,Vijnanapura,151-K.R.PURA,591080.9691875872,0.5910809691875871,46159,78092.52,55189,28.48,77.5516433023267,12.945803887201915,51,Vijnanapura,151-K.R.PURA,591080.9691875872,0.5910809691875871,46159,78092.52,55189,28.48,77.5516433023267,12.945803887201915,46159.0,11539.75,4.0,46159.0,11539.75,13910.0,23412.507347008694,0.0,53.89615311398811,0.038,0.5367467632412867,73.71514913233311,777.0,770.0,14.0,0.0,1.0,3.0,13.91,23533.15488928469,-7.0
ward_52,52,K R Puram,151-K.R.PURA,451611.861766732,0.451611861766732,35168,77872.18,42047,28.18,77.6125767342246,12.951706236017461,52,K R Puram,151-K.R.PURA,451611.861766732,0.451611861766732,35168,77872.18,42047,28.18,77.6125767342246,12.951706236017461,35168.0,8792.0,4.0,0.0,0.0,27820.0,52857.24909420808,0.0,60.81051988238324,0.05225,0.5367467632412867,73.71514913233311,667.0,671.5,20.0,0.0,1.0,3.0,27.82,61601.57063006834,4.5
ward_53,53,Basavanapura,151-K.R.PURA,1249453.9549006508,1.2494539549006507,48585,38884.99,58089,21.36,77.53776210009637,12.963296085980334,53,Basavanapura,151-K.R.PURA,1249453.9549006508,1.2494539549006507,48585,38884.99,58089,21.36,77.53776210009637,12.963296085980334,48585.0,12146.25,4.0,48585.0,12146.25,27820.0,16366.306644908018,0.0,58.058352949408885,0.038,0.5367467632412867,73.71514913233311,667.0,644.5,23.0,0.0,1.0,3.0,27.82,22265.726472659077,-22.5
ward_54,54,Hudi,174-MAHADEVAPURA (SC),1229873.0867319142,1.229873086731914,50191,40809.9,60009,22.27,77.5352690311616,12.987269898498266,54,Hudi,174-MAHADEVAPURA (SC),1229873.0867319142,1.229873086731914,50191,40809.9,60009,22.27,77.5352690311616,12.987269898498266,50191.0,12547.75,4.0,50191.0,12547.75,13910.0,23412.507347008694,0.0,67.26439323885243,0.038,0.5367467632412867,73.71514913233311,358.0,380.0,16.0,0.0,1.0,3.0,13.91,11310.110083766782,22.0
ward_55,55,Devasandra,151-K.R.PURA,1368352.6433046581,1.3683526433046582,33946,24807.93,40586,15.3,77.60478797605822,12.941120265606774,55,Devasandra,151-K.R.PURA,1368352.6433046581,1.3683526433046582,33946,24807.93,40586,15.3,77.60478797605822,12.941120265606774,33946.0,8486.5,4.0,0.0,0.0,13910.0,26555.522971494524,0.0,64.83685246199317,0.038,0.5331168488047823,73.71514913233311,238.0,245.0,17.0,0.0,1.0,3.0,13.91,10165.508188303324,7.0
ward_56,56,A Narayanapura,151-K.R.PURA,1024892.1929102562,1.0248921929102561,43443,42387.87,51941,23.03,77.58935310781382,13.02259910470835,56,A Narayanapura,151-K.R.PURA,1024892.1929102562,1.0248921929102561,43443,42387.87,51941,23.03,77.58935310781382,13.02259910470835,43443.0,10860.75,4.0,0.0,0.0,13910.0,3424.960973446776,0.0,73.06415383009048,0.055,0.5367467632412867,73.71514913233311,319.0,303.0,25.0,0.0,1.0,3.0,13.91,13572.159195106697,-16.0
ward_57,57,C V Raman Nagar,161-C.V. RAMAN NAGAR (SC),545530.7389927045,0.5455307389927045,58815,107812.44,70320,29.7,77.6061383071414,13.014913254846984,57,C V Raman Nagar,161-C.V. RAMAN NAGAR (SC),545530.7389927045,0.5455307389927045,58815,107812.44,70320,29.7,77.6061383071414,13.014913254846984,58815.0,14703.75,4.0,0.0,0.0,13910.0,17089.291184479294,0.0,68.28063683613277,0.067,0.5365778504688503,73.71514913233311,431.0,392.0,21.0,0.0,1.0,3.0,13.91,25498.104883483054,-39.0
ward_58,58,New Tippasandara,161-C.V. RAMAN NAGAR (SC),1536105.7038022832,1.5361057038022832,43983,28632.8,52587,17.42,77.59597305770255,12.936166651628053,58,New Tippasandara,161-C.V. RAMAN NAGAR (SC),1536105.7038022832,1.5361057038022832,43983,28632.8,52587,17.42,77.59597305770255,12.936166651628053,43983.0,10995.75,4.0,0.0,0.0,27820.0,52857.24909420808,0.0,62.41390233993032,0.038,0.5357651507536157,82.5240107857995,624.0,583.5,25.0,0.0,1.0,3.0,27.82,18110.732829868324,-40.5
ward_59,59,Maruthi Seva Nagar,160-SARVARGNA NAGAR,1061540.793571959,1.061540793571959,40362,38022.09,48258,21.21,77.54509677692228,12.947279015056454,59,Maruthi Seva Nagar,160-SARVARGNA NAGAR,1061540.793571959,1.061540793571959,40362,38022.09,48258,21.21,77.54509677692228,12.947279015056454,40362.0,10090.5,4.0,0.0,0.0,13910.0,27593.694294174176,0.0,55.38496828531614,0.037,0.5367467632412867,73.71514913233311,290.0,282.0,16.0,0.0,1.0,3.0,13.91,13103.594401864199,-8.0
ward_60,60,Sagayarapuram,159-PULAKESHI NAGAR (SC),698312.8712376393,0.6983128712376393,35334,50599.1,42246,25.3,77.53877418354217,12.955966578746306,60,Sagayarapuram,159-PULAKESHI NAGAR (SC),698312.8712376393,0.6983128712376393,35334,50599.1,42246,25.3,77.53877418354217,12.955966578746306,35334.0,8833.5,4.0,0.0,0.0,13910.0,291.5630812844645,0.0,63.584080509353484,0.055,0.5367467632412867,73.71514913233311,244.0,238.0,13.0,0.0,1.0,3.0,13.91,19919.438081310058,-6.0
ward_61,61,S K Garden,159-PULAKESHI NAGAR (SC),845185.0729910587,0.8451850729910587,38050,45019.73,45493,23.64,77.61681478472309,13.005694616911708,61,S K Garden,159-PULAKESHI NAGAR (SC),845185.0729910587,0.8451850729910587,38050,45019.73,45493,23.64,77.61681478472309,13.005694616911708,38050.0,9512.5,4.0,0.0,0.0,27820.0,103077.95109278183,0.0,63.98909826099101,0.069,0.5361027092885274,73.71514913233311,563.0,545.5,44.0,0.0,1.0,3.0,27.82,32915.867647244064,-17.5
ward_62,62,Ramaswamy Palya,162-SHIVAJI NAGAR,919518.7303413514,0.9195187303413513,34394,37404.35,41122,21.06,77.56337809956557,12.934075293327039,62,Ramaswamy Palya,162-SHIVAJI NAGAR,919518.7303413514,0.9195187303413513,34394,37404.35,41122,21.06,77.56337809956557,12.934075293327039,34394.0,8598.5,4.0,34394.0,8598.5,27820.0,28306.03041348989,0.0,71.60627484124717,0.051000000000000004,0.5375571985427319,73.71514913233311,512.0,516.5,28.0,0.0,1.0,3.0,27.82,30254.957383709225,4.5
ward_63,63,Jayamahal,162-SHIVAJI NAGAR,1055962.9261026422,1.0559629261026422,21728,20576.48,25978,12.27,77.5322792129528,12.973027917722668,63,Jayamahal,162-SHIVAJI NAGAR,1055962.9261026422,1.0559629261026422,21728,20576.48,25978,12.27,77.5322792129528,12.973027917722668,21728.0,5432.0,4.0,0.0,0.0,13910.0,563.265493022381,0.0,63.22717362556268,0.053,0.5367467632412867,73.71514913233311,164.0,166.0,18.0,0.0,1.0,3.0,13.91,13172.81095401631,2.0
ward_64,64,Rajamahal Guttahalli,157-MALLESWARAM,2016925.5186864391,2.016925518686439,31118,15428.43,37205,9.55,77.57595176591812,12.931344251420521,64,Rajamahal Guttahalli,157-MALLESWARAM,2016925.5186864391,2.016925518686439,31118,15428.43,37205,9.55,77.57595176591812,12.931344251420521,31118.0,7779.5,4.0,0.0,0.0,41730.0,32217.769465290196,0.0,63.10258001785332,0.039,0.5390434235869942,73.71514913233311,790.0,769.0,44.0,0.0,1.0,3.0,41.73,20689.9063021313,-21.0
ward_65,65,Kadu Malleshwar Ward,157-MALLESWARAM,898382.5188739504,0.8983825188739504,35609,39636.79,42575,21.82,77.54064673498875,13.007736564620803,65,Kadu Malleshwar Ward,157-MALLESWARAM,898382.5188739504,0.8983825188739504,35609,39636.79,42575,21.82,77.54064673498875,13.007736564620803,35609.0,8902.25,4.0,35609.0,8902.25,13910.0,44770.535308581995,0.0,72.50181685886088,0.04,0.5367467632412867,73.71514913233311,247.0,237.0,15.0,0.0,1.0,3.0,13.91,15483.38230961468,-10.0
ward_66,66,Subramanya Nagar,157-MALLESWARAM,843860.5345517076,0.8438605345517075,35709,42316.23,42694,22.88,77.55927821754524,13.02254849955573,66,Subramanya Nagar,157-MALLESWARAM,843860.5345517076,0.8438605345517075,35709,42316.23,42694,22.88,77.55927821754524,13.02254849955573,35709.0,8927.25,4.0,0.0,0.0,13910.0,1823.0570472205854,0.0,59.88413746286792,0.084,0.5367467632412867,73.71514913233311,252.0,268.0,24.0,0.0,1.0,3.0,13.91,16483.766488012796,16.0
ward_67,67,Nagapura,156-MAHALAXMI LAYOUT,532077.2266763949,0.5320772266763949,34574,64979.29,41337,27.12,77.61105847988377,13.015309528743249,67,Nagapura,156-MAHALAXMI LAYOUT,532077.2266763949,0.5320772266763949,34574,64979.29,41337,27.12,77.61105847988377,13.015309528743249,34574.0,8643.5,4.0,0.0,0.0,13910.0,25847.964359990423,0.0,67.23218053242861,0.038,0.5322135053662436,73.71514913233311,539.0,606.0,16.0,0.0,1.0,3.0,13.91,26142.82157289162,67.0
ward_68,68,Mahalakshimpuram,156-MAHALAXMI LAYOUT,719185.1750198342,0.7191851750198341,44615,62035.48,53343,26.67,77.53349799508875,12.997973944630933,68,Mahalakshimpuram,156-MAHALAXMI LAYOUT,719185.1750198342,0.7191851750198341,44615,62035.48,53343,26.67,77.53349799508875,12.997973944630933,44615.0,11153.75,4.0,0.0,0.0,27820.0,52857.24909420808,0.0,60.81051988238324,0.05225,0.5367467632412867,73.71514913233311,667.0,671.5,20.0,0.0,1.0,3.0,27.82,38682.66611479132,4.5
ward_69,69,Laggere,154-RAJARAJESHWARI NAGAR,1967800.0941583472,1.9678000941583473,57077,29005.49,68242,17.88,77.62791961985718,12.969512094676087,69,Laggere,154-RAJARAJESHWARI NAGAR,1967800.0941583472,1.9678000941583473,57077,29005.49,68242,17.88,77.62791961985718,12.969512094676087,57077.0,14269.25,4.0,57077.0,14269.25,41730.0,96445.4460477136,0.0,59.17746564926292,0.042666666666666665,0.5355295801219726,73.71514913233311,982.0,950.0,46.0,0.0,1.0,3.0,41.73,21206.422402296124,-32.0
ward_70,70,Rajagopal Nagar,155-DASARAHALLI,778025.1694249479,0.7780251694249479,61479,79019.29,73505,28.64,77.53191722167644,12.994440946201589,70,Rajagopal Nagar,155-DASARAHALLI,778025.1694249479,0.7780251694249479,61479,79019.29,73505,28.64,77.53191722167644,12.994440946201589,61479.0,15369.75,4.0,0.0,0.0,27820.0,2859.3491484963824,0.0,61.74525262139801,0.049,0.5367467632412867,73.71514913233311,706.0,712.5,30.0,0.0,1.0,3.0,27.82,35757.19795872703,6.5
ward_71,71,Hegganahalli,155-DASARAHALLI,721699.3268665457,0.7216993268665457,66314,91885.91,79286,29.39,77.59635065495829,13.025536345678196,71,Hegganahalli,155-DASARAHALLI,721699.3268665457,0.7216993268665457,66314,91885.91,79286,29.39,77.59635065495829,13.025536345678196,66314.0,16578.5,4.0,0.0,0.0,27820.0,52857.24909420808,0.0,60.81051988238324,0.05225,0.5367467632412867,73.71514913233311,667.0,671.5,20.0,0.0,1.0,3.0,27.82,38547.90903129716,4.5
ward_72,72,Herohalli,153-YESHVANTHAPURA,1166293.6369029083,1.1662936369029084,62272,53393.07,74454,25.91,77.59230513236544,12.929697969542385,72,Herohalli,153-YESHVANTHAPURA,1166293.6369029083,1.1662936369029084,62272,53393.07,74454,25.91,77.59230513236544,12.929697969542385,62272.0,15568.0,4.0,62272.0,15568.0,27820.0,18292.71894813786,0.0,60.81051988238324,0.038,0.5364944381768942,73.71514913233311,569.0,536.5,16.0,0.0,1.0,3.0,27.82,23853.341148182873,-32.5
ward_73,73,Kottegepalya,154-RAJARAJESHWARI NAGAR,1415982.8436020524,1.4159828436020525,68922,48674.32,82404,24.7,77.54774794852203,12.938686738185062,73,Kottegepalya,154-RAJARAJESHWARI NAGAR,1415982.8436020524,1.4159828436020525,68922,48674.32,82404,24.7,77.54774794852203,12.938686738185062,68922.0,17230.5,4.0,68922.0,17230.5,13910.0,23412.507347008694,0.0,63.68297615669103,0.038,0.5367467632412867,73.71514913233311,288.0,284.5,13.0,0.0,1.0,3.0,13.91,9823.565350986175,-3.5
ward_74,74,Shakthi Ganapathi Nagar,156-MAHALAXMI LAYOUT,827348.9496576044,0.8273489496576044,43844,52993.36,52421,25.76,77.52872394709058,12.968734033498238,74,Shakthi Ganapathi Nagar,156-MAHALAXMI LAYOUT,827348.9496576044,0.8273489496576044,43844,52993.36,52421,25.76,77.52872394709058,12.968734033498238,43844.0,10961.0,4.0,0.0,0.0,13910.0,338.7465469066207,0.0,64.05287267597122,0.038,0.5367467632412867,73.71514913233311,334.0,312.0,9.0,0.0,1.0,3.0,13.91,16812.736640031522,-22.0
ward_75,75,Shankar Matt,156-MAHALAXMI LAYOUT,583625.0959046973,0.5836250959046974,48734,83502.24,58267,29.09,77.6154526772662,13.016239331219833,75,Shankar Matt,156-MAHALAXMI LAYOUT,583625.0959046973,0.5836250959046974,48734,83502.24,58267,29.09,77.6154526772662,13.016239331219833,48734.0,12183.5,4.0,48734.0,12183.5,27820.0,52857.24909420808,0.0,60.81051988238324,0.05225,0.5367467632412867,73.71514913233311,667.0,671.5,20.0,0.0,1.0,3.0,27.82,47667.58694102292,4.5
ward_76,76,Gayithri Nagar,157-MALLESWARAM,1582632.1942954352,1.5826321942954351,33236,21000.46,39738,12.73,77.54404480806397,13.018554096937223,76,Gayithri Nagar,157-MALLESWARAM,1582632.1942954352,1.5826321942954351,33236,21000.46,39738,12.73,77.54404480806397,13.018554096937223,33236.0,8309.0,4.0,0.0,0.0,27820.0,40796.57268505974,0.0,60.63635410699594,0.091,0.5367467632412867,73.71514913233311,581.0,513.5,25.0,0.0,1.0,3.0,27.82,17578.310425047974,-67.5
ward_77,77,Dattatreya Temple,164-GANDHI NAGAR,2783377.7284514653,2.783377728451465,33388,11995.5,39919,6.67,77.61546128329199,12.939293491691672,77,Dattatreya Temple,164-GANDHI NAGAR,2783377.7284514653,2.783377728451465,33388,11995.5,39919,6.67,77.61546128329199,12.939293491691672,33388.0,8347.0,4.0,33388.0,8347.0,69550.0,148201.9953326017,0.0,63.47681379762705,0.0456,0.5369411197763336,73.71514913233311,1344.0,1309.5,52.0,0.0,1.0,3.0,69.55,24987.62539092896,-34.5
ward_78,78,Pulikeshinagar,159-PULAKESHI NAGAR (SC),906308.9344748657,0.9063089344748657,28835,31815.86,34476,18.94,77.53300769971236,13.005547467850194,78,Pulikeshinagar,159-PULAKESHI NAGAR (SC),906308.9344748657,0.9063089344748657,28835,31815.86,34476,18.94,77.53300769971236,13.005547467850194,28835.0,7208.75,4.0,0.0,0.0,13910.0,17815.89853325246,0.0,67.48370680279231,0.038,0.5367467632412867,73.71514913233311,322.0,314.0,18.0,0.0,1.0,3.0,13.91,15347.967421351466,-8.0
ward_79,79,Sarvagna Nagar,161-C.V. RAMAN NAGAR (SC),1361947.436892095,1.361947436892095,37291,27380.65,44586,16.82,77.52541719817421,12.981143119191362,79,Sarvagna Nagar,161-C.V. RAMAN NAGAR (SC),1361947.436892095,1.361947436892095,37291,27380.65,44586,16.82,77.52541719817421,12.981143119191362,37291.0,9322.75,4.0,37291.0,9322.75,27820.0,34101.18895174912,0.0,66.33679787756726,0.045,0.5367467632412867,73.71514913233311,541.0,538.5,23.0,0.0,1.0,3.0,27.82,20426.63266321352,-2.5
ward_80,80,Hoysala Nagar,161-C.V. RAMAN NAGAR (SC),4244404.011408618,4.2444040114086174,35228,8299.87,42119,3.94,77.6317754307626,12.990447063247604,80,Hoysala Nagar,161-C.V. RAMAN NAGAR (SC),4244404.011408618,4.2444040114086174,35228,8299.87,42119,3.94,77.6317754307626,12.990447063247604,35228.0,8807.0,4.0,35228.0,8807.0,69550.0,131843.1601260718,0.0,62.20054513996801,0.048799999999999996,0.5341542514838318,73.71514913233311,1424.0,1376.0,65.0,0.0,1.0,3.0,69.55,16386.281751938594,-48.0
ward_81,81,Vijnana Nagar,151-K.R.PURA,903339.1524985655,0.9033391524985654,57062,63167.86,68224,26.82,77.52583648788453,12.989131487745995,81,Vijnana Nagar,151-K.R.PURA,903339.1524985655,0.9033391524985654,57062,63167.86,68224,26.82,77.52583648788453,12.989131487745995,57062.0,14265.5,4.0,0.0,0.0,13910.0,7994.169168410095,0.0,52.67482648767782,0.038,0.5367467632412867,73.71514913233311,378.0,391.0,10.0,0.0,1.0,2.0,13.91,15398.42479043007,13.0
ward_82,82,Garudachar Playa,174-MAHADEVAPURA (SC),611456.7960363524,0.6114567960363524,49631,81168.45,59340,28.79,77.61966655595133,13.014481317446629,82,Garudachar Playa,174-MAHADEVAPURA (SC),611456.7960363524,0.6114567960363524,49631,81168.45,59340,28.79,77.61966655595133,13.014481317446629,49631.0,12407.75,4.0,0.0,0.0,13910.0,10033.454955029256,0.0,66.91861834486808,0.038,0.5363396203081718,73.71514913233311,340.0,367.0,8.0,0.0,1.0,2.0,13.91,22748.949868852258,27.0
ward_83,83,Kadugodi,174-MAHADEVAPURA (SC),1253676.910968038,1.2536769109680381,43942,35050.5,52538,20.3,77.52881683238185,12.957336187991254,83,Kadugodi,174-MAHADEVAPURA (SC),1253676.910968038,1.2536769109680381,43942,35050.5,52538,20.3,77.52881683238185,12.957336187991254,43942.0,10985.5,4.0,43942.0,10985.5,27820.0,52857.24909420808,0.0,60.81051988238324,0.05225,0.5367467632412867,73.71514913233311,667.0,671.5,20.0,0.0,1.0,2.0,27.82,22190.72534287844,4.5
ward_84,84,Hagadur,174-MAHADEVAPURA (SC),2020227.675971961,2.0202276759719613,50556,25024.9,60446,15.61,77.53490306534177,12.94493731385367,84,Hagadur,174-MAHADEVAPURA (SC),2020227.675971961,2.0202276759719613,50556,25024.9,60446,15.61,77.53490306534177,12.94493731385367,50556.0,12639.0,4.0,0.0,0.0,55640.0,52020.61100578086,0.0,61.10542978202078,0.054,0.5367467632412867,73.71514913233311,1222.0,1232.5,31.0,0.0,1.0,2.0,55.64,27541.450234430027,10.5
ward_85,85,Dodda Nekkundi,174-MAHADEVAPURA (SC),1901983.7375911544,1.9019837375911544,63083,33166.95,75423,20.0,77.55015786847399,12.930933313117258,85,Dodda Nekkundi,174-MAHADEVAPURA (SC),1901983.7375911544,1.9019837375911544,63083,33166.95,75423,20.0,77.55015786847399,12.930933313117258,63083.0,15770.75,4.0,0.0,0.0,27820.0,25977.945535421488,0.0,65.47281843579293,0.048,0.5367467632412867,73.71514913233311,749.0,741.5,9.0,0.0,1.0,2.0,27.82,14626.833789459097,-7.5
ward_86,86,Marathahalli,174-MAHADEVAPURA (SC),1200597.1907331878,1.2005971907331878,39768,33123.52,47547,19.85,77.62577606187003,13.008814672371381,86,Marathahalli,174-MAHADEVAPURA (SC),1200597.1907331878,1.2005971907331878,39768,33123.52,47547,19.85,77.62577606187003,13.008814672371381,39768.0,9942.0,4.0,0.0,0.0,13910.0,20173.9553211546,0.0,57.6761530892375,0.038,0.5379971581608002,73.71514913233311,255.0,314.0,19.0,0.0,1.0,2.0,13.91,11585.900839485856,59.0
ward_87,87,HAL Airport,151-K.R.PURA,1744881.8178880315,1.7448818178880314,39926,22881.78,47736,13.79,77.60778840003366,12.930193850912287,87,HAL Airport,151-K.R.PURA,1744881.8178880315,1.7448818178880314,39926,22881.78,47736,13.79,77.60778840003366,12.930193850912287,39926.0,9981.5,4.0,0.0,0.0,27820.0,62359.56967828251,0.0,72.735088463171,0.0455,0.5379661976481451,73.71514913233311,554.0,577.5,14.0,0.0,1.0,2.0,27.82,15943.77321993804,23.5
ward_88,88,Jeevanbhima Nagar,161-C.V. RAMAN NAGAR (SC),1710972.9959193273,1.7109729959193272,38251,22356.29,45734,13.18,77.60852663320586,13.026204901311587,88,Jeevanbhima Nagar,161-C.V. RAMAN NAGAR (SC),1710972.9959193273,1.7109729959193272,38251,22356.29,45734,13.18,77.60852663320586,13.026204901311587,38251.0,9562.75,4.0,38251.0,9562.75,27820.0,25541.624938877394,0.0,62.28802857989436,0.038,0.5367467632412867,73.71514913233311,564.0,555.5,23.0,0.0,1.0,2.0,27.82,16259.753991647289,-8.5
ward_89,89,Jogupalya,163-SHANTI NAGAR,2311956.377215608,2.311956377215608,33793,14616.63,40404,8.64,77.63127012924065,12.999269814513658,89,Jogupalya,163-SHANTI NAGAR,2311956.377215608,2.311956377215608,33793,14616.63,40404,8.64,77.63127012924065,12.999269814513658,33793.0,8448.25,4.0,0.0,0.0,27820.0,70995.58018540844,0.0,62.58831130501683,0.038,0.5366247660311073,73.71514913233311,510.0,515.5,20.0,0.0,1.0,2.0,27.82,12033.099012666002,5.5
ward_90,90,Halsoor,162-SHIVAJI NAGAR,1406613.0911243209,1.4066130911243209,35090,24946.45,41954,15.45,77.59190514693078,13.033424530568725,90,Halsoor,162-SHIVAJI NAGAR,1406613.0911243209,1.4066130911243209,35090,24946.45,41954,15.45,77.59190514693078,13.033424530568725,35090.0,8772.5,4.0,0.0,0.0,27820.0,25630.85506922074,0.0,59.00945409775959,0.055999999999999994,0.5367467632412867,73.71514913233311,522.0,569.5,28.0,0.0,1.0,2.0,27.82,19778.00446728615,47.5
ward_91,91,Bharathi Nagar,162-SHIVAJI NAGAR,1789829.590579285,1.7898295905792851,32689,18263.75,39084,10.91,77.56005233577483,12.924246353969817,91,Bharathi Nagar,162-SHIVAJI NAGAR,1789829.590579285,1.7898295905792851,32689,18263.75,39084,10.91,77.56005233577483,12.924246353969817,32689.0,8172.25,4.0,32689.0,8172.25,27820.0,28233.129203052267,0.0,64.00801454203405,0.038,0.5367467632412867,73.71514913233311,480.0,537.5,11.0,0.0,1.0,2.0,27.82,15543.37918337575,57.5
ward_92,92,Shivaji Nagar,162-SHIVAJI NAGAR,709091.6102149262,0.7090916102149262,37506,52893.02,44843,25.61,77.52173775681312,12.972990797635367,92,Shivaji Nagar,162-SHIVAJI NAGAR,709091.6102149262,0.7090916102149262,37506,52893.02,44843,25.61,77.52173775681312,12.972990797635367,37506.0,9376.5,4.0,0.0,0.0,13910.0,23412.507347008694,0.0,64.81093868755543,0.086,0.5367467632412867,73.71514913233311,269.0,269.0,3.0,0.0,1.0,2.0,13.91,19616.6472704195,0.0
ward_93,93,Vasanth Nagar,162-SHIVAJI NAGAR,3122848.7916861456,3.1228487916861454,22815,7305.83,27278,2.58,77.58160967079925,12.920817283532157,93,Vasanth Nagar,162-SHIVAJI NAGAR,3122848.7916861456,3.1228487916861454,22815,7305.83,27278,2.58,77.58160967079925,12.920817283532157,22815.0,5703.75,4.0,22815.0,5703.75,55640.0,78040.51171186319,0.0,62.03127714044888,0.059,0.5368075777038641,76.34008160005953,885.0,897.0,10.0,0.0,1.0,2.0,55.64,17817.065029894657,12.0
ward_94,94,Gandhinagar,164-GANDHI NAGAR,1030701.3300955201,1.0307013300955201,31208,30278.41,37313,18.33,77.53404086015256,13.01484128299356,94,Gandhinagar,164-GANDHI NAGAR,1030701.3300955201,1.0307013300955201,31208,30278.41,37313,18.33,77.53404086015256,13.01484128299356,31208.0,7802.0,4.0,0.0,0.0,27820.0,72986.30278446233,0.0,56.27642518467456,0.0625,0.5367467632412867,73.71514913233311,416.0,422.0,27.0,0.0,1.0,2.0,27.82,26991.330259971415,6.0
ward_95,95,Subhash Nagar,164-GANDHI NAGAR,948542.4908567129,0.9485424908567129,37693,39737.81,45066,21.97,77.59873631540812,12.923642647600726,95,Subhash Nagar,164-GANDHI NAGAR,948542.4908567129,0.9485424908567129,37693,39737.81,45066,21.97,77.59873631540812,12.923642647600726,37693.0,9423.25,4.0,37693.0,9423.25,13910.0,3323.12194179179,0.0,71.26688029243041,0.038,0.5375723266934052,73.71514913233311,413.0,453.0,14.0,0.0,1.0,2.0,13.91,14664.603994109577,40.0
ward_96,96,Okalipuram,164-GANDHI NAGAR,1206528.2447814227,1.2065282447814227,38110,31586.5,45565,18.79,77.56834159903991,12.921115191483395,96,Okalipuram,164-GANDHI NAGAR,1206528.2447814227,1.2065282447814227,38110,31586.5,45565,18.79,77.56834159903991,12.921115191483395,38110.0,9527.5,4.0,0.0,0.0,41730.0,70237.52204102608,0.0,62.082527367256354,0.045000000000000005,0.5367819699226407,73.71514913233311,844.0,851.0,21.0,0.0,1.0,2.0,41.73,34586.84053232413,7.0
ward_97,97,Dayananda Nagar,165-RAJAJI NAGAR,765168.7069813897,0.7651687069813896,35721,46683.82,42709,24.09,77.6033307875998,13.031570357902538,97,Dayananda Nagar,165-RAJAJI NAGAR,765168.7069813897,0.7651687069813896,35721,46683.82,42709,24.09,77.6033307875998,13.031570357902538,35721.0,8930.25,4.0,0.0,0.0,13910.0,63310.00158437398,0.0,65.17256883486988,0.038,0.5367467632412867,73.71514913233311,248.0,258.0,17.0,0.0,1.0,2.0,13.91,18178.997485241274,10.0
ward_98,98,Prakash Nagar,165-RAJAJI NAGAR,3153175.4915743587,3.1531754915743586,32913,10438.05,39351,5.61,77.58155857336469,13.03684686637593,98,Prakash Nagar,165-RAJAJI NAGAR,3153175.4915743587,3.1531754915743586,32913,10438.05,39351,5.61,77.58155857336469,13.03684686637593,32913.0,8228.25,4.0,32913.0,8228.25,69550.0,125251.90920962775,0.0,60.036634607694126,0.05700000000000001,0.5367467632412867,73.71514913233311,1452.0,1444.5,60.0,0.0,1.0,2.0,69.55,22057.129451197838,-7.5
ward_99,99,Rajaji Nagar,165-RAJAJI NAGAR,1128637.4983144961,1.1286374983144962,33084,29313.22,39556,18.03,77.55209432647327,13.030777247194102,99,Rajaji Nagar,165-RAJAJI NAGAR,1128637.4983144961,1.1286374983144962,33084,29313.22,39556,18.03,77.55209432647327,13.030777247194102,33084.0,8271.0,4.0,0.0,0.0,13910.0,11274.143456530746,0.0,55.12622407059885,0.048,0.5367467632412867,73.71514913233311,220.0,227.0,15.0,0.0,1.0,2.0,13.91,12324.594939272487,7.0
ward_100,100,Basaveshwara Nagar,165-RAJAJI NAGAR,928253.0623714022,0.9282530623714021,30333,32677.51,36267,19.24,77.5621725124233,13.035428835235669,100,Basaveshwara Nagar,165-RAJAJI NAGAR,928253.0623714022,0.9282530623714021,30333,32677.51,36267,19.24,77.5621725124233,13.035428835235669,30333.0,7583.25,4.0,30333.0,7583.25,27820.0,92059.21944020329,0.0,63.04007544385092,0.047,0.5367467632412867,73.71514913233311,511.0,507.5,18.0,0.0,1.0,2.0,27.82,29970.275486006398,-3.5
ward_101,101,Kamakshipalya,165-RAJAJI NAGAR,2169139.9060141235,2.1691399060141237,30051,13853.88,35930,8.18,77.63883140352154,12.978426399908502,101,Kamakshipalya,165-RAJAJI NAGAR,2169139.9060141235,2.1691399060141237,30051,13853.88,35930,8.18,77.63883140352154,12.978426399908502,30051.0,7512.75,4.0,30051.0,7512.75,41730.0,405580.4337832547,0.0,66.04430032823426,0.049999999999999996,0.5352513304638976,73.71514913233311,806.0,771.0,22.0,0.0,1.0,3.0,41.73,19238.039872070975,-35.0
ward_102,102,Vrisabhavathi Nagar,156-MAHALAXMI LAYOUT,2196646.82598434,2.1966468259843404,50893,23168.49,60849,14.09,77.57074758477421,13.038139135465638,102,Vrisabhavathi Nagar,156-MAHALAXMI LAYOUT,2196646.82598434,2.1966468259843404,50893,23168.49,60849,14.09,77.57074758477421,13.038139135465638,50893.0,12723.25,4.0,50893.0,12723.25,27820.0,37446.85842239634,0.0,60.17379470023563,0.05,0.5367467632412867,73.71514913233311,576.0,569.0,11.0,0.0,1.0,3.0,27.82,12664.7577894246,-7.0
ward_103,103,Kaveripura,166-GOVINDRAJA NAGAR,905552.4692640009,0.9055524692640009,53532,59115.29,64004,26.52,77.52358088828917,12.954665103884402,103,Kaveripura,166-GOVINDRAJA NAGAR,905552.4692640009,0.9055524692640009,53532,59115.29,64004,26.52,77.52358088828917,12.954665103884402,53532.0,13383.0,4.0,0.0,0.0,13910.0,362.54821060446494,0.0,58.77518459814276,0.038,0.5367467632412867,73.71514913233311,712.0,703.0,5.0,0.0,1.0,3.0,13.91,15360.788548570274,-9.0
ward_104,104,Govindaraja Nagar,166-GOVINDRAJA NAGAR,1122522.141833327,1.122522141833327,26873,23939.84,32130,14.85,77.62786266832941,12.942696157001004,104,Govindaraja Nagar,166-GOVINDRAJA NAGAR,1122522.141833327,1.122522141833327,26873,23939.84,32130,14.85,77.62786266832941,12.942696157001004,26873.0,6718.25,4.0,26873.0,6718.25,41730.0,231435.03502166434,0.0,61.936193330990335,0.04066666666666666,0.5356793758828613,73.71514913233311,714.0,719.5,16.0,0.0,1.0,3.0,41.73,37175.21324955397,5.5
ward_105,105,Agrahara Dasarahalli,166-GOVINDRAJA NAGAR,1176324.167996651,1.176324167996651,28355,24104.75,33902,15.0,77.52418446461782,13.003864539093257,105,Agrahara Dasarahalli,166-GOVINDRAJA NAGAR,1176324.167996651,1.176324167996651,28355,24104.75,33902,15.0,77.52418446461782,13.003864539093257,28355.0,7088.75,4.0,28355.0,7088.75,13910.0,23412.507347008694,0.0,60.230303153814546,0.052,0.5367467632412867,73.71514913233311,195.0,189.0,4.0,0.0,1.0,3.0,13.91,11824.971702901885,-6.0
ward_106,106,Dr. Raj Kumar Ward,166-GOVINDRAJA NAGAR,2142383.667073516,2.142383667073516,24181,11286.96,28911,5.91,77.63810612209816,12.964980710064772,106,Dr. Raj Kumar Ward,166-GOVINDRAJA NAGAR,2142383.667073516,2.142383667073516,24181,11286.96,28911,5.91,77.63810612209816,12.964980710064772,24181.0,6045.25,4.0,0.0,0.0,41730.0,178734.54698796614,0.0,61.24710354697049,0.042,0.53740899540594,73.71514913233311,746.0,734.0,21.0,0.0,1.0,3.0,41.73,19478.303835747098,-12.0
ward_107,107,Shivanagara,165-RAJAJI NAGAR,1568106.4528760323,1.5681064528760322,36461,23251.61,43593,14.24,77.62124619378876,13.022775162560293,107,Shivanagara,165-RAJAJI NAGAR,1568106.4528760323,1.5681064528760322,36461,23251.61,43593,14.24,77.62124619378876,13.022775162560293,36461.0,9115.25,4.0,36461.0,9115.25,27820.0,86205.05149397682,0.0,60.282687897726035,0.051500000000000004,0.5367467632412867,73.71514913233311,546.0,553.5,19.0,0.0,1.0,3.0,27.82,17741.142477269896,7.5
ward_108,108,Sriramamandir,165-RAJAJI NAGAR,1626884.8195085227,1.6268848195085228,33866,20816.47,40491,12.42,77.53450310898292,13.022179281696701,108,Sriramamandir,165-RAJAJI NAGAR,1626884.8195085227,1.6268848195085228,33866,20816.47,40491,12.42,77.53450310898292,13.022179281696701,33866.0,8466.5,4.0,0.0,0.0,41730.0,51326.94293485105,0.0,51.153739483510776,0.04766666666666667,0.5367467632412867,73.71514913233311,807.0,776.0,17.0,0.0,1.0,3.0,41.73,25650.24856068576,-31.0
ward_109,109,Chickpete,164-GANDHI NAGAR,848437.663574852,0.8484376635748521,33292,39239.18,39805,21.52,77.60145402864443,12.919161748077938,109,Chickpete,164-GANDHI NAGAR,848437.663574852,0.8484376635748521,33292,39239.18,39805,21.52,77.60145402864443,12.919161748077938,33292.0,8323.0,4.0,0.0,0.0,27820.0,46825.01469401739,0.0,66.89159934805659,0.05,0.5367467632412867,74.26054047431452,538.0,497.5,3.0,0.0,1.0,3.0,27.82,32789.68060279378,-40.5
ward_110,110,Sampangiram Nagar,162-SHIVAJI NAGAR,776718.4916296845,0.7767184916296844,27504,35410.51,32884,20.45,77.63511154543562,13.007991136274118,110,Sampangiram Nagar,162-SHIVAJI NAGAR,776718.4916296845,0.7767184916296844,27504,35410.51,32884,20.45,77.63511154543562,13.007991136274118,27504.0,6876.0,4.0,27504.0,6876.0,13910.0,7142.651710138409,0.0,71.25972131351445,0.038,0.5367467632412867,73.71514913233311,197.0,202.0,4.0,0.0,1.0,3.0,13.91,17908.676244870272,5.0
ward_111,111,Shantala Nagar,163-SHANTI NAGAR,3469156.9034746005,3.4691569034746004,22995,6628.41,27493,2.27,77.5159648152293,12.987017825217496,111,Shantala Nagar,163-SHANTI NAGAR,3469156.9034746005,3.4691569034746004,22995,6628.41,27493,2.27,77.5159648152293,12.987017825217496,22995.0,5748.75,4.0,22995.0,5748.75,55640.0,93650.02938803477,0.0,60.08462864354796,0.0475,0.5367467632412867,73.71514913233311,1014.0,1030.5,26.0,0.0,1.0,3.0,55.64,16038.478958467602,16.5
ward_112,112,Domlur,163-SHANTI NAGAR,1297791.6909189792,1.2977916909189793,30638,23607.79,36631,14.55,77.53941774205202,12.92854451975566,112,Domlur,163-SHANTI NAGAR,1297791.6909189792,1.2977916909189793,30638,23607.79,36631,14.55,77.53941774205202,12.92854451975566,30638.0,7659.5,4.0,30638.0,7659.5,13910.0,1366.749516460671,0.0,59.518823744162276,0.038,0.5367467632412867,73.71514913233311,203.0,231.0,1.0,0.0,1.0,3.0,13.91,10718.207010672251,28.0
ward_113,113,Konena Agrahara,161-C.V. RAMAN NAGAR (SC),1153896.192164498,1.153896192164498,38108,33025.5,45563,19.7,77.60286707344521,13.037583821106214,113,Konena Agrahara,161-C.V. RAMAN NAGAR (SC),1153896.192164498,1.153896192164498,38108,33025.5,45563,19.7,77.60286707344521,13.037583821106214,38108.0,9527.0,4.0,38108.0,9527.0,27820.0,46825.01469401739,0.0,58.52040188971351,0.056999999999999995,0.5367467632412867,69.39270964874986,556.0,558.5,12.0,0.0,1.0,3.0,27.82,24109.621115756327,2.5
ward_114,114,Agaram,163-SHANTI NAGAR,1627736.1579941497,1.6277361579941496,36916,22679.35,44137,13.48,77.5530803606954,13.03741235254897,114,Agaram,163-SHANTI NAGAR,1627736.1579941497,1.6277361579941496,36916,22679.35,44137,13.48,77.5530803606954,13.03741235254897,36916.0,9229.0,4.0,0.0,0.0,13910.0,31647.725481984024,0.0,55.54463033116579,0.046,0.5367467632412867,73.71514913233311,227.0,265.0,4.0,0.0,1.0,3.0,13.91,8545.610989646637,38.0
ward_115,115,Vannarpet,163-SHANTI NAGAR,2295845.0700243223,2.2958450700243223,37060,16142.2,44310,10.15,77.5180881785229,12.95647989629717,115,Vannarpet,163-SHANTI NAGAR,2295845.0700243223,2.2958450700243223,37060,16142.2,44310,10.15,77.5180881785229,12.95647989629717,37060.0,9265.0,4.0,37060.0,9265.0,41730.0,70237.52204102608,0.0,61.209636521645514,0.056999999999999995,0.5367467632412867,73.71514913233311,832.0,814.5,14.0,0.0,1.0,3.0,41.73,18176.313613164635,-17.5
ward_116,116,Nilasandra,163-SHANTI NAGAR,1002752.5822046814,1.0027525822046814,48534,48400.77,58028,24.39,77.52374459057539,13.012510038207516,116,Nilasandra,163-SHANTI NAGAR,1002752.5822046814,1.0027525822046814,48534,48400.77,58028,24.39,77.52374459057539,13.012510038207516,48534.0,12133.5,4.0,48534.0,12133.5,13910.0,23412.507347008694,0.0,51.36213984960165,0.05,0.5367467632412867,73.71514913233311,363.0,368.0,9.0,0.0,1.0,3.0,13.91,13871.816684248335,5.0
ward_117,117,Shanthi Nagar,163-SHANTI NAGAR,997878.4701034406,0.9978784701034406,42095,42184.5,50330,22.58,77.54618230933552,12.921556053295395,117,Shanthi Nagar,163-SHANTI NAGAR,997878.4701034406,0.9978784701034406,42095,42184.5,50330,22.58,77.54618230933552,12.921556053295395,42095.0,10523.75,4.0,0.0,0.0,27820.0,46825.01469401739,0.0,54.521353718349324,0.095,0.5367467632412867,73.71514913233311,570.0,568.5,7.0,0.0,1.0,3.0,27.82,27879.14644266868,-1.5
ward_118,118,Sudham Nagara,169-CHICKPET,680444.2689377255,0.6804442689377255,28784,42301.77,34415,22.73,77.61436240010501,12.922388635645166,118,Sudham Nagara,169-CHICKPET,680444.2689377255,0.6804442689377255,28784,42301.77,34415,22.73,77.61436240010501,12.922388635645166,28784.0,7196.0,4.0,0.0,0.0,27820.0,52857.24909420808,0.0,60.81051988238324,0.05225,0.5367467632412867,73.71514913233311,667.0,671.5,20.0,0.0,1.0,3.0,27.82,40885.05300137387,4.5
ward_119,119,Dharmaraya Swamy Temple wa,169-CHICKPET,743971.8540970088,0.7439718540970088,27076,36393.85,32373,20.61,77.5695571407775,12.912512135718641,119,Dharmaraya Swamy Temple wa,169-CHICKPET,743971.8540970088,0.7439718540970088,27076,36393.85,32373,20.61,77.5695571407775,12.912512135718641,27076.0,6769.0,4.0,0.0,0.0,13910.0,23412.507347008694,0.0,59.78836939997134,0.038,0.5367467632412867,73.71514913233311,203.0,174.0,4.0,0.0,1.0,3.0,13.91,18696.943874151228,-29.0
ward_120,120,Cottonpete,164-GANDHI NAGAR,3119557.146487304,3.119557146487304,37344,11970.93,44649,6.52,77.62837848183501,12.933650669392291,120,Cottonpete,164-GANDHI NAGAR,3119557.146487304,3.119557146487304,37344,11970.93,44649,6.52,77.62837848183501,12.933650669392291,37344.0,9336.0,4.0,37344.0,9336.0,41730.0,54765.72833297173,0.0,61.91555769718959,0.053,0.5374116789185075,73.71514913233311,741.0,724.0,14.0,0.0,1.0,3.0,41.73,13376.898720059986,-17.0
ward_121,121,Binnipete,164-GANDHI NAGAR,1871341.816425747,1.871341816425747,37354,19961.08,44661,11.97,77.63221275255206,13.019714659629228,121,Binnipete,164-GANDHI NAGAR,1871341.816425747,1.871341816425747,37354,19961.08,44661,11.97,77.63221275255206,13.019714659629228,37354.0,9338.5,4.0,0.0,0.0,27820.0,44017.34352168167,0.0,61.90705484225272,0.038,0.5367467632412867,73.71514913233311,546.0,556.5,14.0,0.0,1.0,3.0,27.82,14866.338023235143,10.5
ward_122,122,Kempapura Agrahara,167-VIJAYA NAGAR,1859846.3132705414,1.8598463132705414,40032,21524.36,47863,13.03,77.59481788659576,12.912088432434349,122,Kempapura Agrahara,167-VIJAYA NAGAR,1859846.3132705414,1.8598463132705414,40032,21524.36,47863,13.03,77.59481788659576,12.912088432434349,40032.0,10008.0,4.0,40032.0,10008.0,41730.0,70237.52204102608,0.0,61.137051274700816,0.04833333333333334,0.5367467632412867,73.71514913233311,842.0,871.0,17.0,0.0,1.0,3.0,41.73,22437.337807024367,29.0
ward_123,123,Vijayanagar,167-VIJAYA NAGAR,1595068.8529487716,1.5950688529487715,40331,25284.8,48220,16.06,77.61682752197686,13.035434780380085,123,Vijayanagar,167-VIJAYA NAGAR,1595068.8529487716,1.5950688529487715,40331,25284.8,48220,16.06,77.61682752197686,13.035434780380085,40331.0,10082.75,4.0,0.0,0.0,27820.0,99206.41844135463,0.0,63.59861328734842,0.058499999999999996,0.5367467632412867,73.53550428187744,592.0,567.5,12.0,0.0,1.0,3.0,27.82,17441.25336568997,-24.5
ward_124,124,Hosahalli,167-VIJAYA NAGAR,1312548.4912020804,1.3125484912020804,37347,28453.81,44653,17.27,77.52060496747707,12.942319237898813,124,Hosahalli,167-VIJAYA NAGAR,1312548.4912020804,1.3125484912020804,37347,28453.81,44653,17.27,77.52060496747707,12.942319237898813,37347.0,9336.75,4.0,37347.0,9336.75,27820.0,24643.13212012954,0.0,56.197812205944835,0.053000000000000005,0.5367467632412867,73.71514913233311,578.0,529.5,13.0,0.0,1.0,3.0,27.82,21195.407397498446,-48.5
ward_125,125,Marenahalli,166-GOVINDRAJA NAGAR,1885023.7509695948,1.8850237509695948,21171,11231.16,25312,5.76,77.58436463359794,12.909359638285459,125,Marenahalli,166-GOVINDRAJA NAGAR,1885023.7509695948,1.8850237509695948,21171,11231.16,25312,5.76,77.58436463359794,12.909359638285459,21171.0,5292.75,4.0,0.0,0.0,27820.0,52857.24909420808,0.0,60.81051988238324,0.05225,0.5367467632412867,73.71514913233311,667.0,671.5,20.0,0.0,1.0,3.0,27.82,14758.434733615582,4.5
ward_126,126,Maruthi Mandir ward,166-GOVINDRAJA NAGAR,1810889.8478004853,1.8108898478004853,29319,16190.38,35054,10.3,77.6115414971994,12.91560135102508,126,Maruthi Mandir ward,166-GOVINDRAJA NAGAR,1810889.8478004853,1.8108898478004853,29319,16190.38,35054,10.3,77.6115414971994,12.91560135102508,29319.0,7329.75,4.0,0.0,0.0,13910.0,23412.507347008694,0.0,67.3326877626504,0.038,0.5367467632412867,73.71514913233311,400.0,407.0,4.0,0.0,1.0,3.0,13.91,7681.306522809848,7.0
ward_127,127,Mudalapalya,166-GOVINDRAJA NAGAR,5485194.425632322,5.485194425632322,43729,7972.19,52283,3.64,77.53241391919671,13.031759007135355,127,Mudalapalya,166-GOVINDRAJA NAGAR,5485194.425632322,5.485194425632322,43729,7972.19,52283,3.64,77.53241391919671,13.031759007135355,43729.0,10932.25,4.0,43729.0,10932.25,83460.0,110258.09074743948,0.0,54.87646727446829,0.08133333333333333,0.5367467632412867,72.51579589902305,1753.0,1715.5,21.0,0.0,1.0,3.0,83.46,15215.504414937654,-37.5
ward_128,128,Nagarabhavi,166-GOVINDRAJA NAGAR,1564510.0957317916,1.5645100957317917,35780,22869.78,42779,13.64,77.55571469956026,12.911157544391154,128,Nagarabhavi,166-GOVINDRAJA NAGAR,1564510.0957317916,1.5645100957317917,35780,22869.78,42779,13.64,77.55571469956026,12.911157544391154,35780.0,8945.0,4.0,0.0,0.0,27820.0,46825.01469401739,0.0,62.35478472492591,0.08199999999999999,0.5367467632412867,73.71514913233311,548.0,519.5,6.0,0.0,1.0,3.0,27.82,17781.92424318447,-28.5
ward_129,129,Jnana Bharathi ward,154-RAJARAJESHWARI NAGAR,10475227.420963284,10.475227420963284,68132,6504.11,81460,2.12,77.64040196256828,12.941505440928541,129,Jnana Bharathi ward,154-RAJARAJESHWARI NAGAR,10475227.420963284,10.475227420963284,68132,6504.11,81460,2.12,77.64040196256828,12.941505440928541,68132.0,17033.0,4.0,68132.0,17033.0,166920.0,219514.8452134681,0.0,62.48771672209773,0.05225,0.5369745605748066,73.71514913233311,3634.0,3581.5,68.0,0.0,1.0,3.0,166.92,15934.737575812012,-52.5
ward_130,130,Ullalu,153-YESHVANTHAPURA,1955810.8536652096,1.9558108536652097,58199,29756.97,69584,18.18,77.64979428790328,12.964676978877774,130,Ullalu,153-YESHVANTHAPURA,1955810.8536652096,1.9558108536652097,58199,29756.97,69584,18.18,77.64979428790328,12.964676978877774,58199.0,14549.75,4.0,58199.0,14549.75,27820.0,94108.76530387695,0.0,61.81849078036527,0.041999999999999996,0.5367467632412867,73.71514913233311,667.0,714.5,4.0,0.0,1.0,3.0,27.82,14224.279381549108,47.5
ward_131,131,Nayandahalli,166-GOVINDRAJA NAGAR,1613316.5255080229,1.6133165255080228,42785,26519.9,51155,16.52,77.6409977148844,13.015824769138458,131,Nayandahalli,166-GOVINDRAJA NAGAR,1613316.5255080229,1.6133165255080228,42785,26519.9,51155,16.52,77.6409977148844,13.015824769138458,42785.0,10696.25,4.0,42785.0,10696.25,41730.0,65727.42628227355,0.0,61.91125180816099,0.038,0.5367467632412867,73.71514913233311,881.0,901.0,19.0,0.0,1.0,3.0,41.73,25865.97195293682,20.0
ward_132,132,Attiguppe,167-VIJAYA NAGAR,1748081.3081333267,1.7480813081333266,41487,23732.88,49603,14.7,77.51049170184571,13.003581535966738,132,Attiguppe,167-VIJAYA NAGAR,1748081.3081333267,1.7480813081333266,41487,23732.88,49603,14.7,77.51049170184571,13.003581535966738,41487.0,10371.75,4.0,0.0,0.0,27820.0,46825.01469401739,0.0,54.65474327307808,0.048,0.5367467632412867,73.71514913233311,617.0,542.5,3.0,0.0,1.0,3.0,27.82,15914.591541343889,-74.5
ward_133,133,Hampi Nagar,167-VIJAYA NAGAR,1028736.6032122412,1.0287366032122411,35113,34132.16,41982,20.15,77.51369769555669,13.011624590413447,133,Hampi Nagar,167-VIJAYA NAGAR,1028736.6032122412,1.0287366032122411,35113,34132.16,41982,20.15,77.51369769555669,13.011624590413447,35113.0,8778.25,4.0,0.0,0.0,13910.0,23412.507347008694,0.0,49.00327421644603,0.065,0.5367467632412867,73.71514913233311,254.0,241.0,2.0,0.0,1.0,3.0,13.91,13521.439751016806,-13.0
ward_134,134,Bapuji Nagar,167-VIJAYA NAGAR,6711067.531160504,6.711067531160504,49484,7373.49,59164,2.73,77.59588138805204,13.049917236424417,134,Bapuji Nagar,167-VIJAYA NAGAR,6711067.531160504,6.711067531160504,49484,7373.49,59164,2.73,77.59588138805204,13.049917236424417,49484.0,12371.0,4.0,49484.0,12371.0,111280.0,187300.05877606955,0.0,61.39302239141959,0.077875,0.5367467632412867,73.71514913233311,2365.0,2355.5,36.0,0.0,1.0,3.0,111.28,16581.564629369335,-9.5
ward_135,135,Padarayanapura,168-CHAMARAJPET,1633408.40066079,1.63340840066079,37599,23018.74,44954,13.94,77.56190563280846,12.906294983934405,135,Padarayanapura,168-CHAMARAJPET,1633408.40066079,1.63340840066079,37599,23018.74,44954,13.94,77.56190563280846,12.906294983934405,37599.0,9399.75,4.0,0.0,0.0,27820.0,46825.01469401739,0.0,60.27588422555914,0.0395,0.5367467632412867,73.71514913233311,550.0,540.5,10.0,0.0,1.0,3.0,27.82,17031.870283479326,-9.5
ward_136,136,Jagajivanaramnagar,168-CHAMARAJPET,10274601.447165208,10.274601447165209,38639,3760.63,46197,0.3,77.51299501512145,12.944524053218652,136,Jagajivanaramnagar,168-CHAMARAJPET,10274601.447165208,10.274601447165209,38639,3760.63,46197,0.3,77.51299501512145,12.944524053218652,38639.0,9659.75,4.0,38639.0,9659.75,194740.0,336788.64056296734,0.0,58.35031060445351,0.09928571428571428,0.5367467632412867,73.71514913233311,4032.0,3983.0,49.0,0.0,1.0,3.0,194.74,18953.533234491475,-49.0
ward_137,137,Rayapuram,168-CHAMARAJPET,1927569.4314298076,1.9275694314298075,36039,18696.6,43089,11.36,77.54661318563215,12.911007932349266,137,Rayapuram,168-CHAMARAJPET,1927569.4314298076,1.9275694314298075,36039,18696.6,43089,11.36,77.54661318563215,12.911007932349266,36039.0,9009.75,4.0,36039.0,9009.75,41730.0,70237.52204102608,0.0,56.63387043748745,0.05366666666666667,0.5367467632412867,73.71514913233311,826.0,824.0,11.0,0.0,1.0,3.0,41.73,21649.025617223066,-2.0
ward_138,138,Chalavadipalya,168-CHAMARAJPET,2174514.866569584,2.174514866569584,24801,11405.3,29653,6.06,77.62839204190541,12.921804170112964,138,Chalavadipalya,168-CHAMARAJPET,2174514.866569584,2.174514866569584,24801,11405.3,29653,6.06,77.62839204190541,12.921804170112964,24801.0,6200.25,4.0,24801.0,6200.25,41730.0,48574.39257806711,0.0,63.234146988272606,0.05333333333333334,0.5372474301149915,73.71514913233311,864.0,853.5,13.0,0.0,1.0,3.0,41.73,19190.487331931356,-10.5
ward_139,139,K R Market,168-CHAMARAJPET,1061566.2610550132,1.0615662610550132,29344,27642.17,35084,16.97,77.60866180938135,12.909238386626113,139,K R Market,168-CHAMARAJPET,1061566.2610550132,1.0615662610550132,29344,27642.17,35084,16.97,77.60866180938135,12.909238386626113,29344.0,7336.0,4.0,0.0,0.0,27820.0,46825.01469401739,0.0,58.051291872593595,0.1175,0.5367467632412867,73.71514913233311,498.0,501.5,2.0,0.0,1.0,3.0,27.82,26206.560080716707,3.5
ward_140,140,Chamrajapet,168-CHAMARAJPET,3559238.782241578,3.5592387822415783,32213,9050.53,38514,4.7,77.50375563638686,12.98402781334523,140,Chamrajapet,168-CHAMARAJPET,3559238.782241578,3.5592387822415783,32213,9050.53,38514,4.7,77.50375563638686,12.98402781334523,32213.0,8053.25,4.0,32213.0,8053.25,69550.0,117062.53673504347,0.0,55.218318816268855,0.0784,0.5367467632412867,73.71514913233311,1367.0,1360.0,16.0,0.0,1.0,3.0,69.55,19540.695147235387,-7.0
ward_141,141,Azad Nagar,168-CHAMARAJPET,2285268.375939188,2.285268375939188,38825,16989.25,46420,10.61,77.65232868743473,12.95589005896146,141,Azad Nagar,168-CHAMARAJPET,2285268.375939188,2.285268375939188,38825,16989.25,46420,10.61,77.65232868743473,12.95589005896146,38825.0,9706.25,4.0,38825.0,9706.25,55640.0,139347.95296962355,0.0,63.85296119342053,0.07425,0.5367467632412867,73.71514913233311,1139.0,1130.5,9.0,0.0,1.0,3.0,55.64,24347.24979604785,-8.5
ward_142,142,Sunkenahalli,169-CHICKPET,2480079.699463584,2.480079699463584,34666,13977.78,41447,8.33,77.57407704032276,13.055148642713734,142,Sunkenahalli,169-CHICKPET,2480079.699463584,2.480079699463584,34666,13977.78,41447,8.33,77.57407704032276,13.055148642713734,34666.0,8666.5,4.0,34666.0,8666.5,41730.0,70237.52204102608,0.0,54.062432067125506,0.073,0.5367467632412867,73.71514913233311,821.0,832.0,9.0,0.0,1.0,3.0,41.73,16826.07216575571,11.0
ward_143,143,Vishveshwara Puram,169-CHICKPET,3689595.503132354,3.689595503132354,32462,8798.25,38812,4.39,77.63155429463954,13.034894317880267,143,Vishveshwara Puram,169-CHICKPET,3689595.503132354,3.689595503132354,32462,8798.25,38812,4.39,77.63155429463954,13.034894317880267,32462.0,8115.5,4.0,32462.0,8115.5,69550.0,105257.84690337045,0.0,57.166504421401406,0.074,0.5367467632412867,73.71514913233311,1336.0,1360.0,15.0,0.0,1.0,3.0,69.55,18850.304848039348,24.0
ward_144,144,Siddapura,169-CHICKPET,3979835.1015130165,3.9798351015130167,34879,8763.93,41702,4.24,77.65302225637939,13.000966785891524,144,Siddapura,169-CHICKPET,3979835.1015130165,3.9798351015130167,34879,8763.93,41702,4.24,77.65302225637939,13.000966785891524,34879.0,8719.75,4.0,34879.0,8719.75,69550.0,148524.31558374994,0.0,59.390380845927176,0.0792,0.5367467632412867,73.74759730449789,1397.0,1375.0,18.0,0.0,1.0,3.0,69.55,17475.59841701962,-22.0
ward_145,145,Hombegowda Nagara,169-CHICKPET,2088272.9334491512,2.088272933449151,38309,18344.82,45803,11.21,77.51804245945634,13.025957630882061,145,Hombegowda Nagara,169-CHICKPET,2088272.9334491512,2.088272933449151,38309,18344.82,45803,11.21,77.51804245945634,13.025957630882061,38309.0,9577.25,4.0,0.0,0.0,27820.0,46825.01469401739,0.0,55.22274180972389,0.08399999999999999,0.5367467632412867,73.71514913233311,576.0,569.0,3.0,0.0,1.0,3.0,27.82,13322.013398914462,-7.0
ward_146,146,Lakkasandra,172-B.T.M. LAYOUT,3405320.760999294,3.405320760999294,30667,9005.61,36666,4.55,77.65640162177101,12.976422036255977,146,Lakkasandra,172-B.T.M. LAYOUT,3405320.760999294,3.405320760999294,30667,9005.61,36666,4.55,77.65640162177101,12.976422036255977,30667.0,7666.75,4.0,30667.0,7666.75,69550.0,190712.92420584132,0.0,59.79473990332713,0.05739999999999999,0.5367467632412867,73.71514913233311,1364.0,1357.0,11.0,0.0,1.0,3.0,69.55,20423.920353274003,-7.0
ward_147,147,Adugodi,172-B.T.M. LAYOUT,1226679.7084365394,1.2266797084365395,34299,27960.84,41009,17.12,77.56820772502077,12.901697916191976,147,Adugodi,172-B.T.M. LAYOUT,1226679.7084365394,1.2266797084365395,34299,27960.84,41009,17.12,77.56820772502077,12.901697916191976,34299.0,8574.75,4.0,34299.0,8574.75,27820.0,46825.01469401739,0.0,55.18901349947349,0.094,0.5367467632412867,73.71514913233311,500.0,535.5,6.0,0.0,1.0,3.0,27.82,22679.106704600086,35.5
ward_148,148,Ejipura,172-B.T.M. LAYOUT,3029500.2538567907,3.029500253856791,47004,15515.43,56199,9.7,77.65658955384096,12.987726783134109,148,Ejipura,172-B.T.M. LAYOUT,3029500.2538567907,3.029500253856791,47004,15515.43,56199,9.7,77.65658955384096,12.987726783134109,47004.0,11751.0,4.0,47004.0,11751.0,41730.0,129726.36855780246,0.0,66.8763996217077,0.07566666666666667,0.5367467632412867,73.71514913233311,916.0,936.0,8.0,0.0,1.0,3.0,41.73,13774.549101580185,20.0
ward_149,149,Varthuru,174-MAHADEVAPURA (SC),1353908.9764638217,1.3539089764638217,54625,40346.14,65311,22.12,77.57720543682052,12.899884372631698,149,Varthuru,174-MAHADEVAPURA (SC),1353908.9764638217,1.3539089764638217,54625,40346.14,65311,22.12,77.57720543682052,12.899884372631698,54625.0,13656.25,4.0,0.0,0.0,27820.0,46825.01469401739,0.0,58.960642341157154,0.0925,0.5367467632412867,73.71514913233311,683.0,681.5,9.0,0.0,1.0,3.0,27.82,20547.910150253287,-1.5
ward_150,150,Bellanduru,174-MAHADEVAPURA (SC),5473991.502827782,5.473991502827782,80180,14647.45,95865,8.94,77.53933911676253,13.046423575269323,150,Bellanduru,174-MAHADEVAPURA (SC),5473991.502827782,5.473991502827782,80180,14647.45,95865,8.94,77.53933911676253,13.046423575269323,80180.0,20045.0,4.0,80180.0,20045.0,125190.0,207202.2552379844,0.0,53.183130646650014,0.07777777777777778,0.5367467632412867,73.71514913233311,2870.0,2821.0,25.0,0.0,1.0,3.0,125.19,22869.966081483453,-49.0
ward_151,151,Koramangala,172-B.T.M. LAYOUT,4434349.980467449,4.434349980467449,38316,8640.73,45811,4.09,77.5595778302366,13.055416986102191,151,Koramangala,172-B.T.M. LAYOUT,4434349.980467449,4.434349980467449,38316,8640.73,45811,4.09,77.5595778302366,13.055416986102191,38316.0,9579.0,4.0,38316.0,9579.0,69550.0,117062.53673504347,0.0,54.176968637356865,0.0728,0.5367467632412867,73.71514913233311,1440.0,1432.0,14.0,0.0,1.0,3.0,69.55,15684.373201564113,-8.0
ward_152,152,Suddagunte Palya,172-B.T.M. LAYOUT,1235097.552764853,1.235097552764853,39997,32383.68,47821,19.09,77.5010961432047,12.997440803589313,152,Suddagunte Palya,172-B.T.M. LAYOUT,1235097.552764853,1.235097552764853,39997,32383.68,47821,19.09,77.5010961432047,12.997440803589313,39997.0,9999.25,4.0,0.0,0.0,27820.0,46825.01469401739,0.0,53.63833360721557,0.0915,0.5367467632412867,73.71514913233311,594.0,581.5,6.0,0.0,1.0,3.0,27.82,22524.536574234942,-12.5
ward_153,153,Jayanagar,169-CHICKPET,2570834.15371153,2.57083415371153,38151,14839.93,45614,9.24,77.65175233195923,13.013985155788019,153,Jayanagar,169-CHICKPET,2570834.15371153,2.57083415371153,38151,14839.93,45614,9.24,77.65175233195923,13.013985155788019,38151.0,9537.75,4.0,38151.0,9537.75,41730.0,19142.42743101927,0.0,56.23156738921921,0.057666666666666665,0.5367467632412867,73.71514913233311,826.0,841.0,11.0,0.0,1.0,3.0,41.73,16232.08558193228,15.0
ward_154,154,Basavanagudi,170-BASAVANAGUDI,1815214.6976192023,1.8152146976192023,32640,17981.34,39025,10.76,77.58703658782525,12.896890576414837,154,Basavanagudi,170-BASAVANAGUDI,1815214.6976192023,1.8152146976192023,32640,17981.34,39025,10.76,77.58703658782525,12.896890576414837,32640.0,8160.0,4.0,32640.0,8159.999999999999,27820.0,46825.01469401739,0.0,62.138220298983285,0.057,0.5367467632412867,73.71514913233311,537.0,513.5,2.0,0.0,1.0,3.0,27.82,15326.010766929185,-23.5
ward_155,155,Hanumanth Nagar,170-BASAVANAGUDI,4468207.916623614,4.468207916623614,36982,8276.7,44216,3.79,77.49683150001778,12.96117179982269,155,Hanumanth Nagar,170-BASAVANAGUDI,4468207.916623614,4.468207916623614,36982,8276.7,44216,3.79,77.49683150001778,12.96117179982269,36982.0,9245.5,4.0,36982.0,9245.5,83460.0,140475.04408205216,0.0,55.81399821208294,0.12016666666666669,0.5367467632412867,73.71514913233311,1699.0,1717.5,24.0,0.0,1.0,3.0,83.46,18678.62945443825,18.5
ward_156,156,Srinagar,170-BASAVANAGUDI,3579464.6290232306,3.5794646290232306,41379,11560.11,49473,6.21,77.59970981684178,12.89623336293682,156,Srinagar,170-BASAVANAGUDI,3579464.6290232306,3.5794646290232306,41379,11560.11,49473,6.21,77.59970981684178,12.89623336293682,41379.0,10344.75,4.0,41379.0,10344.75,69550.0,117062.53673504347,0.0,59.75255239463619,0.054000000000000006,0.5367467632412867,73.71514913233311,1454.0,1415.0,21.0,0.0,1.0,3.0,69.55,19430.280002230083,-39.0
ward_157,157,Gali Anjenaya Temple ward,167-VIJAYA NAGAR,1383449.9958436114,1.3834499958436115,34653,25048.25,41432,15.76,77.62372702939386,12.906102470714647,157,Gali Anjenaya Temple ward,167-VIJAYA NAGAR,1383449.9958436114,1.3834499958436115,34653,25048.25,41432,15.76,77.62372702939386,12.906102470714647,34653.0,8663.25,4.0,0.0,0.0,13910.0,23412.507347008694,0.0,64.88813417587997,0.04,0.5367467632412867,73.71514913233311,231.0,241.0,1.0,0.0,1.0,3.0,13.91,10054.573740858517,10.0
ward_158,158,Deepanjali Nagar,167-VIJAYA NAGAR,4779090.200105511,4.779090200105511,45928,9610.2,54912,5.0,77.50509461017819,13.02042620120956,158,Deepanjali Nagar,167-VIJAYA NAGAR,4779090.200105511,4.779090200105511,45928,9610.2,54912,5.0,77.50509461017819,13.02042620120956,45928.0,11482.0,4.0,45928.0,11482.0,97370.0,163887.55142906087,0.0,56.805603801672014,0.08471428571428571,0.5367467632412867,73.1222651426424,2072.0,2040.5,14.0,0.0,1.0,3.0,97.37,20374.170798837466,-31.5
ward_159,159,Kengeri,153-YESHVANTHAPURA,8369607.592207206,8.369607592207206,40771,4871.32,48747,0.91,77.52116240659893,12.914925438498392,159,Kengeri,153-YESHVANTHAPURA,8369607.592207206,8.369607592207206,40771,4871.32,48747,0.91,77.52116240659893,12.914925438498392,40771.0,10192.75,4.0,40771.0,10192.75,153010.0,257537.58081709564,0.0,54.40171045420493,0.092,0.5367467632412867,73.71514913233311,3176.0,3150.0,34.0,0.0,1.0,3.0,153.01,18281.621726503032,-26.0
ward_160,160,Rajarajeshwari Nagar,154-RAJARAJESHWARI NAGAR,4361951.5635415185,4.361951563541519,56897,13043.93,68027,7.73,77.64825797559405,13.030400584019558,160,Rajarajeshwari Nagar,154-RAJARAJESHWARI NAGAR,4361951.5635415185,4.361951563541519,56897,13043.93,68027,7.73,77.64825797559405,13.030400584019558,56897.0,14224.25,4.0,56897.0,14224.25,83460.0,95736.5964934576,0.0,57.24297760992283,0.066,0.5367467632412867,73.71514913233311,1811.0,1835.5,14.0,0.0,1.0,3.0,83.46,19133.637497853797,24.5
ward_161,161,Hosakerehalli,171-PADMANABA NAGAR,3782607.2874105577,3.7826072874105576,46805,12373.74,55961,6.97,77.60312945979477,13.061849371886058,161,Hosakerehalli,171-PADMANABA NAGAR,3782607.2874105577,3.7826072874105576,46805,12373.74,55961,6.97,77.60312945979477,13.061849371886058,46805.0,11701.25,4.0,46805.0,11701.25,69550.0,117062.53673504347,0.0,54.09798722068285,0.0926,0.5367467632412867,73.71514913233311,1502.0,1441.0,14.0,0.0,1.0,3.0,69.55,18386.788454482023,-61.0
ward_162,162,Girinagar,170-BASAVANAGUDI,6238974.779573723,6.238974779573723,43195,6923.41,51645,2.42,77.62468324029933,13.052482833726536,162,Girinagar,170-BASAVANAGUDI,6238974.779573723,6.238974779573723,43195,6923.41,51645,2.42,77.62468324029933,13.052482833726536,43195.0,10798.75,4.0,43194.99999999999,10798.749999999998,97370.0,163887.55142906087,0.0,60.89936821493338,0.08271428571428571,0.5367467632412867,73.71514913233311,2030.0,2009.0,21.0,0.0,1.0,3.0,97.37,15606.730823594193,-21.0
ward_163,163,Katriguppe,170-BASAVANAGUDI,3547531.9999232604,3.5475319999232604,45572,12846.11,54487,7.42,77.55355884485151,12.895030539680535,163,Katriguppe,170-BASAVANAGUDI,3547531.9999232604,3.5475319999232604,45572,12846.11,54487,7.42,77.55355884485151,12.895030539680535,45572.0,11393.0,4.0,45572.0,11393.0,41730.0,70237.52204102608,0.0,56.35617488359546,0.076,0.5367467632412867,73.71514913233311,895.0,882.0,8.0,0.0,1.0,3.0,41.73,11763.107422541276,-13.0
ward_164,164,Vidyapeeta ward,170-BASAVANAGUDI,3662317.475354409,3.662317475354409,43483,11873.08,51989,6.36,77.61425151336513,12.897366225672684,164,Vidyapeeta ward,170-BASAVANAGUDI,3662317.475354409,3.662317475354409,43483,11873.08,51989,6.36,77.61425151336513,12.897366225672684,43483.0,10870.75,4.0,43483.0,10870.75,69550.0,117062.53673504347,0.0,65.41170253679645,0.0608,0.5367467632412867,73.71514913233311,1467.0,1457.0,25.0,0.0,1.0,3.0,69.55,18990.70751458256,-10.0
ward_165,165,Ganesh Mandir ward,171-PADMANABA NAGAR,4377479.094097137,4.377479094097137,25998,5939.03,31084,1.21,77.490940288875,12.985248175348847,165,Ganesh Mandir ward,171-PADMANABA NAGAR,4377479.094097137,4.377479094097137,25998,5939.03,31084,1.21,77.490940288875,12.985248175348847,25998.0,6499.5,4.0,25998.0,6499.5,97370.0,163887.55142906087,0.0,54.24853955116329,0.12828571428571428,0.5367467632412867,73.71514913233311,1896.0,1879.0,31.0,0.0,1.0,3.0,97.37,22243.395778017468,-17.0
ward_166,166,Karisandra,171-PADMANABA NAGAR,4464401.079959151,4.464401079959151,27040,6056.8,32330,1.36,77.64001477165017,12.91359152632213,166,Karisandra,171-PADMANABA NAGAR,4464401.079959151,4.464401079959151,27040,6056.8,32330,1.36,77.64001477165017,12.91359152632213,27040.0,6760.0,4.0,27040.0,6760.0,69550.0,117062.53673504347,0.0,60.51287016176516,0.0954,0.5367467632412867,73.71514913233311,1363.0,1331.0,17.0,0.0,1.0,3.0,69.55,15578.797414106077,-32.0
ward_167,167,Yediyur,171-PADMANABA NAGAR,2720036.813590176,2.720036813590176,32756,12042.48,39164,6.82,77.6677895738237,13.007053190878935,167,Yediyur,171-PADMANABA NAGAR,2720036.813590176,2.720036813590176,32756,12042.48,39164,6.82,77.6677895738237,13.007053190878935,32756.0,8189.0,4.0,0.0,0.0,27820.0,46825.01469401739,0.0,60.16310976789234,0.0825,0.5367467632412867,73.71514913233311,524.0,499.5,10.0,0.0,1.0,3.0,27.82,10227.802749213672,-24.5
ward_168,168,Pattabhiram Nagar,173-JAYANAGAR,982678.4228962981,0.9826784228962981,28353,28852.78,33899,17.58,77.62720062068668,12.898403184494077,168,Pattabhiram Nagar,173-JAYANAGAR,982678.4228962981,0.9826784228962981,28353,28852.78,33899,17.58,77.62720062068668,12.898403184494077,28353.0,7088.25,4.0,0.0,0.0,13910.0,23412.507347008694,0.0,64.2261832212403,0.038,0.5367467632412867,73.71514913233311,193.0,205.0,1.0,0.0,1.0,3.0,13.91,14155.190218792379,12.0
ward_169,169,Byrasandra,173-JAYANAGAR,9718476.291499605,9.718476291499606,32066,3299.49,38339,0.15,77.53597722894514,12.895089436656235,169,Byrasandra,173-JAYANAGAR,9718476.291499605,9.718476291499606,32066,3299.49,38339,0.15,77.53597722894514,12.895089436656235,32066.0,8016.5,4.0,32066.0,8016.5,153010.0,257537.58081709564,0.0,56.263062742812714,0.08218181818181819,0.5367467632412867,73.71514913233311,3101.0,3105.0,39.0,0.0,1.0,3.0,153.01,15744.237616120156,4.0
ward_170,170,Jayanagar East,173-JAYANAGAR,1740940.622861335,1.740940622861335,33927,19487.74,40564,11.67,77.67370372917127,12.979983179965098,170,Jayanagar East,173-JAYANAGAR,1740940.622861335,1.740940622861335,33927,19487.74,40564,11.67,77.67370372917127,12.979983179965098,33927.0,8481.75,4.0,0.0,0.0,27820.0,46825.01469401739,0.0,59.09119426741131,0.0485,0.5367467632412867,73.71514913233311,524.0,533.5,10.0,0.0,1.0,3.0,27.82,15979.867225038523,9.5
ward_171,171,Gurappanapalya,173-JAYANAGAR,3681454.0207803436,3.6814540207803437,48991,13307.51,58575,7.88,77.58187030065062,12.883735109682963,171,Gurappanapalya,173-JAYANAGAR,3681454.0207803436,3.6814540207803437,48991,13307.51,58575,7.88,77.58187030065062,12.883735109682963,48991.0,12247.75,4.0,48991.0,12247.75,55640.0,93650.02938803477,0.0,54.22124123974633,0.093,0.5367467632412867,73.71514913233311,1232.0,1237.5,20.0,0.0,1.0,3.0,55.64,15113.593619785643,5.5
ward_172,172,Madivala,172-B.T.M. LAYOUT,1291916.4217553418,1.2919164217553418,42624,32992.85,50962,19.55,77.51263539738235,13.046205557574941,172,Madivala,172-B.T.M. LAYOUT,1291916.4217553418,1.2919164217553418,42624,32992.85,50962,19.55,77.51263539738235,13.046205557574941,42624.0,10656.0,4.0,0.0,0.0,27820.0,46825.01469401739,0.0,51.5305373202318,0.08549999999999999,0.5367467632412867,73.71514913233311,576.0,606.5,7.0,0.0,1.0,3.0,27.82,21533.900747387856,30.5
ward_173,173,Jakkasandra,172-B.T.M. LAYOUT,7643721.832559031,7.643721832559032,33521,4385.43,40078,0.61,77.67206695179034,12.956975731253548,173,Jakkasandra,172-B.T.M. LAYOUT,7643721.832559031,7.643721832559032,33521,4385.43,40078,0.61,77.67206695179034,12.956975731253548,33521.0,8380.25,4.0,33521.0,8380.25,125190.0,251988.73886949525,0.0,55.19076062935533,0.06688888888888889,0.5367467632412867,73.71514913233311,2507.0,2511.0,37.0,0.0,1.0,3.0,125.19,16378.147026065679,4.0
ward_174,174,HSR Layout,175-BOMMANAHALLI,3178660.7973490045,3.1786607973490044,63033,19830.05,75363,11.82,77.50453818134582,13.038650999096182,174,HSR Layout,175-BOMMANAHALLI,3178660.7973490045,3.1786607973490044,63033,19830.05,75363,11.82,77.50453818134582,13.038650999096182,63033.0,15758.25,4.0,63033.0,15758.25,41730.0,70237.52204102608,0.0,54.51846949606915,0.17400000000000002,0.5367467632412867,73.71514913233311,1036.0,1012.0,11.0,0.0,1.0,3.0,41.73,13128.17021394756,-24.0
ward_175,175,Bommanahalli,175-BOMMANAHALLI,5718662.4187889155,5.718662418788916,43585,7621.54,52111,3.33,77.48550796164177,13.002054981880184,175,Bommanahalli,175-BOMMANAHALLI,5718662.4187889155,5.718662418788916,43585,7621.54,52111,3.33,77.48550796164177,13.002054981880184,43585.0,10896.25,4.0,43585.0,10896.25,97370.0,163887.55142906087,0.0,54.9782850371875,0.09971428571428571,0.5367467632412867,73.71514913233311,1999.0,2031.0,28.0,0.0,1.0,3.0,97.37,17026.708847174927,32.0
ward_176,176,BTM Layout,172-B.T.M. LAYOUT,3641230.622036624,3.6412306220366237,52250,14349.54,62471,8.48,77.52082816801995,13.056143643814499,176,BTM Layout,172-B.T.M. LAYOUT,3641230.622036624,3.6412306220366237,52250,14349.54,62471,8.48,77.52082816801995,13.056143643814499,52250.0,13062.5,4.0,52250.0,13062.5,55640.0,93650.02938803477,0.0,53.968746526805006,0.1155,0.5367467632412867,73.71514913233311,1226.0,1266.5,13.0,0.0,1.0,3.0,55.64,15280.548192489734,40.5
ward_177,177,J P Nagar,173-JAYANAGAR,3758952.347861124,3.758952347861124,28846,7673.95,34489,3.48,77.4895253277192,12.94015568672262,177,J P Nagar,173-JAYANAGAR,3758952.347861124,3.758952347861124,28846,7673.95,34489,3.48,77.4895253277192,12.94015568672262,28846.0,7211.5,4.0,28846.0,7211.5,69550.0,117062.53673504347,0.0,53.17912650641769,0.1664,0.5367467632412867,73.71514913233311,1374.0,1345.0,21.0,0.0,1.0,3.0,69.55,18502.495792364738,-29.0
ward_178,178,Sarakki,173-JAYANAGAR,3396402.3184238533,3.396402318423853,31034,9137.32,37105,4.85,77.56424073874732,12.881538041371408,178,Sarakki,173-JAYANAGAR,3396402.3184238533,3.396402318423853,31034,9137.32,37105,4.85,77.56424073874732,12.881538041371408,31034.0,7758.5,4.0,0.0,0.0,69550.0,117062.53673504347,0.0,55.39490193841683,0.08420000000000001,0.5367467632412867,73.71514913233311,1352.0,1364.0,17.0,0.0,1.0,3.0,69.55,20477.55050181323,12.0
ward_179,179,Shakambari Nagar,173-JAYANAGAR,1754884.1652399718,1.7548841652399718,25871,14742.28,30932,9.09,77.63824240288389,12.900244782681826,179,Shakambari Nagar,173-JAYANAGAR,1754884.1652399718,1.7548841652399718,25871,14742.28,30932,9.09,77.63824240288389,12.900244782681826,25871.0,6467.75,4.0,25871.0,6467.75,41730.0,70237.52204102608,0.0,56.52044002653588,0.058666666666666666,0.5367467632412867,73.71514913233311,774.0,794.0,9.0,0.0,1.0,3.0,41.73,23779.34727919414,20.0
ward_180,180,Banashankari Temple ward,171-PADMANABA NAGAR,9578617.598909121,9.578617598909121,42171,4402.62,50420,0.76,77.57577632278519,13.076526280083092,180,Banashankari Temple ward,171-PADMANABA NAGAR,9578617.598909121,9.578617598909121,42171,4402.62,50420,0.76,77.57577632278519,13.076526280083092,42171.0,10542.75,4.0,42171.0,10542.75,166920.0,280950.0881641043,0.0,54.57927255103291,0.11266666666666668,0.5367467632412867,73.71514913233311,3474.0,3458.5,43.0,0.0,1.0,3.0,166.92,17426.314212502857,-15.5
ward_181,181,Kumaraswamy Layout,171-PADMANABA NAGAR,2429470.77848059,2.42947077848059,47182,19420.69,56412,11.52,77.55827257959554,13.074483419585107,181,Kumaraswamy Layout,171-PADMANABA NAGAR,2429470.77848059,2.42947077848059,47182,19420.69,56412,11.52,77.55827257959554,13.074483419585107,47182.0,11795.5,4.0,47182.0,11795.5,55640.0,93650.02938803477,0.0,54.44711407304841,0.12825,0.5367467632412867,73.71514913233311,1207.0,1209.5,17.0,0.0,1.0,3.0,55.64,22902.107114372327,2.5
ward_182,182,Padmanabha Nagar,171-PADMANABA NAGAR,2802807.7176905936,2.8028077176905937,41037,14641.39,49065,8.79,77.6777191064807,12.971506352844901,182,Padmanabha Nagar,171-PADMANABA NAGAR,2802807.7176905936,2.8028077176905937,41037,14641.39,49065,8.79,77.6777191064807,12.971506352844901,41037.0,10259.25,4.0,41037.0,10259.25,41730.0,70237.52204102608,0.0,62.170445009095204,0.08800000000000001,0.5367467632412867,73.71514913233311,870.0,857.0,7.0,0.0,1.0,3.0,41.73,14888.64174899016,-13.0
ward_183,183,Chikkalsandra,171-PADMANABA NAGAR,7316369.615987753,7.316369615987752,43364,5926.98,51847,1.06,77.48090784480519,12.96528145794117,183,Chikkalsandra,171-PADMANABA NAGAR,7316369.615987753,7.316369615987752,43364,5926.98,51847,1.06,77.48090784480519,12.96528145794117,43364.0,10841.0,4.0,43364.0,10841.0,97370.0,163887.55142906087,0.0,49.15330504814773,0.10471428571428572,0.5367467632412867,73.71514913233311,2052.0,1990.0,31.0,0.0,1.0,3.0,97.37,13308.512979883739,-62.0
ward_184,184,Uttarahalli,176-BANGALORE SOUTH,7566989.543945145,7.5669895439451444,57209,7560.34,68400,3.18,77.54250770597618,13.071799898227923,184,Uttarahalli,176-BANGALORE SOUTH,7566989.543945145,7.5669895439451444,57209,7560.34,68400,3.18,77.54250770597618,13.071799898227923,57209.0,14302.25,4.0,57209.0,14302.25,111280.0,187300.05877606955,0.0,52.43426156335116,0.144125,0.5367467632412867,73.71514913233311,2443.0,2362.5,29.0,0.0,1.0,3.0,111.28,14705.98041053758,-80.5
ward_185,185,Yelchenahalli,176-BANGALORE SOUTH,1904052.1901953993,1.9040521901953993,46943,24654.26,56126,15.15,77.62934182073101,12.891583366202926,185,Yelchenahalli,176-BANGALORE SOUTH,1904052.1901953993,1.9040521901953993,46943,24654.26,56126,15.15,77.62934182073101,12.891583366202926,46943.0,11735.75,4.0,46943.0,11735.75,27820.0,46825.01469401739,0.0,57.719077399542165,0.088,0.5367467632412867,73.71514913233311,576.0,569.0,10.0,0.0,1.0,3.0,27.82,14610.944039903146,-7.0
ward_186,186,Jaraganahalli,175-BOMMANAHALLI,3929076.933128007,3.929076933128007,38294,9746.31,45785,5.15,77.65457861810116,12.910345724814142,186,Jaraganahalli,175-BOMMANAHALLI,3929076.933128007,3.929076933128007,38294,9746.31,45785,5.15,77.65457861810116,12.910345724814142,38294.0,9573.5,4.0,0.0,0.0,55640.0,93650.02938803477,0.0,60.545994336056374,0.0795,0.5367467632412867,73.71514913233311,1128.0,1118.5,16.0,0.0,1.0,3.0,55.64,14161.086928807988,-9.5
ward_187,187,Puttenahalli,175-BOMMANAHALLI,3825602.947988386,3.825602947988386,49207,12862.55,58833,7.58,77.68073296807046,12.988801607877445,187,Puttenahalli,175-BOMMANAHALLI,3825602.947988386,3.825602947988386,49207,12862.55,58833,7.58,77.68073296807046,12.988801607877445,49207.0,12301.75,4.0,49207.0,12301.75,55640.0,93650.02938803477,0.0,56.35006276985784,0.06825,0.5367467632412867,73.71514913233311,1151.0,1197.5,13.0,0.0,1.0,3.0,55.64,14544.11258995321,46.5
ward_188,188,Bilekhalli,175-BOMMANAHALLI,1866359.6984896099,1.8663596984896098,49884,26727.97,59642,16.67,77.67718766018659,13.008594450053543,188,Bilekhalli,175-BOMMANAHALLI,1866359.6984896099,1.8663596984896098,49884,26727.97,59642,16.67,77.67718766018659,13.008594450053543,49884.0,12471.0,4.0,49884.0,12471.0,27820.0,46825.01469401739,0.0,53.75583593414823,0.07,0.5367467632412867,73.71514913233311,620.0,679.5,6.0,0.0,1.0,3.0,27.82,14906.022682826848,59.5
ward_189,189,Hongasandra,175-BOMMANAHALLI,5516286.92879465,5.51628692879465,68554,12427.56,81964,7.12,77.49446771275586,12.920172364491403,189,Hongasandra,175-BOMMANAHALLI,5516286.92879465,5.51628692879465,68554,12427.56,81964,7.12,77.49446771275586,12.920172364491403,68554.0,17138.5,4.0,68554.0,17138.5,83460.0,140475.04408205216,0.0,57.201191426684574,0.1235,0.5367467632412867,73.71514913233311,1932.0,1886.5,27.0,0.0,1.0,3.0,83.46,15129.742357009089,-45.5
ward_190,190,Mangammanapalya,175-BOMMANAHALLI,10514557.139987174,10.514557139987174,65890,6266.55,78779,1.67,77.67611816312086,12.942086076594196,190,Mangammanapalya,175-BOMMANAHALLI,10514557.139987174,10.514557139987174,65890,6266.55,78779,1.67,77.67611816312086,12.942086076594196,65890.0,16472.5,4.0,65890.0,16472.5,194740.0,327775.10285812174,0.0,56.31392498986234,0.08771428571428572,0.5367467632412867,73.71514913233311,4217.0,4175.5,66.0,0.0,1.0,3.0,194.74,18520.989272995434,-41.5
ward_191,191,Singasandra,177-ANEKAL (SC),11282122.09127664,11.28212209127664,71004,6293.5,84894,1.82,77.61653619215154,13.075042587194591,191,Singasandra,177-ANEKAL (SC),11282122.09127664,11.28212209127664,71004,6293.5,84894,1.82,77.61653619215154,13.075042587194591,71004.0,17751.0,4.0,71004.0,17751.0,180830.0,304362.595511113,0.0,52.61553066382949,0.12976923076923078,0.5367467632412867,73.71514913233311,3936.0,3914.0,42.0,0.0,1.0,3.0,180.83,16028.013040190206,-22.0
ward_192,192,Begur,176-BANGALORE SOUTH,5957356.922108901,5.957356922108901,80037,13434.98,95694,8.03,77.60293746236685,12.877405728924195,192,Begur,176-BANGALORE SOUTH,5957356.922108901,5.957356922108901,80037,13434.98,95694,8.03,77.60293746236685,12.877405728924195,80037.0,20009.25,4.0,80037.0,20009.25,111280.0,187300.05877606955,0.0,55.32542171460703,0.084125,0.5367467632412867,73.71514913233311,2625.0,2575.5,36.0,0.0,1.0,3.0,111.28,18679.424693695695,-49.5
ward_193,193,Arakere,175-BOMMANAHALLI,13880135.480484746,13.880135480484746,58355,4204.21,69770,0.45,77.65524445973394,13.050248471785748,193,Arakere,175-BOMMANAHALLI,13880135.480484746,13.880135480484746,58355,4204.21,69770,0.45,77.65524445973394,13.050248471785748,58355.0,14588.75,4.0,58355.000000000015,14588.750000000004,222560.0,351967.7433315483,0.0,53.370292697602956,0.1189375,0.5367467632412867,73.71514913233311,4754.0,4685.5,76.0,0.0,1.0,3.0,222.56,16034.425623072331,-68.5
ward_194,194,Gottigere,176-BANGALORE SOUTH,8494245.677977534,8.494245677977535,51911,6111.31,62066,1.52,77.48628798505217,13.027697754456291,194,Gottigere,176-BANGALORE SOUTH,8494245.677977534,8.494245677977535,51911,6111.31,62066,1.52,77.48628798505217,13.027697754456291,51911.0,12977.75,4.0,51910.99999999999,12977.749999999998,166920.0,280950.0881641043,0.0,49.44483438586115,0.14641666666666667,0.5367467632412867,73.71514913233311,3562.0,3490.5,52.0,0.0,1.0,3.0,166.92,19650.95034074213,-71.5
ward_195,195,Konankunte,176-BANGALORE SOUTH,1868775.742936097,1.8687757429360972,57335,30680.51,68551,18.48,77.5010942212784,13.053548866504318,195,Konankunte,176-BANGALORE SOUTH,1868775.742936097,1.8687757429360972,57335,30680.51,68551,18.48,77.5010942212784,13.053548866504318,57335.0,14333.75,4.0,57335.0,14333.75,27820.0,46825.01469401739,0.0,54.60238803199898,0.11,0.5367467632412867,73.71514913233311,677.0,671.5,10.0,0.0,1.0,3.0,27.82,14886.75144952976,-5.5
ward_196,196,Anjanapura,176-BANGALORE SOUTH,6058223.240894549,6.058223240894549,45608,7528.28,54530,3.03,77.52527635423509,13.075899769957875,196,Anjanapura,176-BANGALORE SOUTH,6058223.240894549,6.058223240894549,45608,7528.28,54530,3.03,77.52527635423509,13.075899769957875,45608.0,11402.0,4.0,45608.0,11402.0,97370.0,163887.55142906087,0.0,52.183274273723114,0.1362857142857143,0.5367467632412867,73.71514913233311,2088.0,2024.0,27.0,0.0,1.0,3.0,97.37,16072.3690970527,-64.0
ward_197,197,Vasanthpura,176-BANGALORE SOUTH,3848454.46459072,3.84845446459072,62057,16125.17,74196,10.0,77.68928749451786,12.999351961495602,197,Vasanthpura,176-BANGALORE SOUTH,3848454.46459072,3.84845446459072,62057,16125.17,74196,10.0,77.68928749451786,12.999351961495602,62057.0,15514.25,4.0,0.0,0.0,55640.0,93650.02938803477,0.0,57.80096354195245,0.11325,0.5367467632412867,73.71514913233311,1311.0,1288.5,20.0,0.0,1.0,3.0,55.64,14457.751939626307,-22.5
ward_198,198,Hemmigepura,153-YESHVANTHAPURA,4964559.449844203,4.964559449844203,50440,10160.02,60307,5.45,77.58484370972444,13.09106990466728,198,Hemmigepura,153-YESHVANTHAPURA,4964559.449844203,4.964559449844203,50440,10160.02,60307,5.45,77.58484370972444,13.09106990466728,50440.0,12610.0,4.0,50440.0,12610.0,69550.0,117062.53673504347,0.0,53.51293601178869,0.14379999999999998,0.5367467632412867,73.71514913233311,1528.0,1501.0,17.0,0.0,1.0,3.0,69.55,14009.299456003615,-27.0
